t	u1	u2	lambda	p	e	u1opt	u2opt
0	-2.6518e-17	0.046698	0	0	-30	0	0
0.01	-2.6518e-17	0.046698	0	0	-30	0	0
0.02	-2.6518e-17	0.046698	0	0	-30	0	0
0.03	-2.6518e-17	0.046698	0	0	-30	0	0
0.04	-2.6518e-17	0.046698	0	0	-30	0	0
0.05	-2.6518e-17	0.046698	0	0	-30	0	0
0.06	-2.6518e-17	0.046698	0	0	-30	0	0
0.07	-2.6518e-17	0.046698	0	0	-30	0	0
0.08	-2.6518e-17	0.046698	0	0	-30	0	0
0.09	0.006202	0.046698	0.004395	0	-30	0	0
0.1	0.005083	0.046698	0.020593	0	-30	0	0
0.11	0.0041651	0.046698	0.030158	0	-30	0	0
0.12	0.0034133	0.010516	0.035806	0	-29.891	0	0
0.13	0.0092518	0.025263	0.039141	0	-29.891	0	0
0.14	0.0075853	0.033971	0.059108	0	-29.891	0	0
0.15	0.0062197	0.039114	0.070899	0	-29.891	0	0
0.16	0.011556	0.04215	0.077861	0	-29.891	0	0
0.17	0.009478	0.043943	0.09997	0	-29.891	0	0
0.18	0.0077764	0.045001	0.11303	0	-29.891	0	0
0.19	0.012112	0.045627	0.13264	0	-29.891	0	0
0.2	0.0099407	0.045996	0.15032	0	-29.891	0	0
0.21	0.014366	0.046214	0.16515	0	-29.891	0	0
0.22	0.011438	0.046342	0.18751	0.0879	-29.891	0	0
0.23	0.010373	0.010237	0.20071	0.0879	-29.782	0	0
0.24	0.014721	0.025029	0.22042	0.0879	-29.782	0	0
0.25	0.018121	0.033764	0.25005	0.0879	-29.782	0	0
0.26	0.015129	0.038921	0.27364	0.0879	-29.782	0	0
0.27	0.017285	0.041967	0.28757	0.1758	-29.782	0	0
0.28	0.016131	0.043765	0.31379	0.1758	-29.782	0	0
0.29	0.019916	0.008646	0.34118	0.1758	-29.673	0	0
0.3	0.01692	0.02402	0.36345	0.2637	-29.673	0	0
0.31	0.021193	0.033099	0.38494	0.2637	-29.673	0	0
0.32	0.017554	0.0022779	0.40729	0.3516	-29.564	0	0
0.33	0.0223	0.020191	0.42883	0.3516	-29.564	0	0
0.34	0.018806	0.030768	0.4512	0.4395	-29.564	0	0
0.35	0.023135	0.00083214	0.47952	0.4395	-29.456	0	0
0.36	0.026878	0.019267	0.49913	0.5274	-29.456	0	0
0.37	0.022306	-0.014475	0.5287	0.6153	-29.347	0	0
0.38	0.028062	0.010159	0.54617	0.6153	-29.347	0	0
0.39	0.025128	0.024705	0.57448	0.7032	-29.347	0	0
0.4	0.027843	0.0039558	0.59119	0.7911	-29.238	0	0
0.41	0.02662	0.020973	0.61906	0.7911	-29.238	0	0
0.42	0.02921	0.0016825	0.65064	0.879	-29.129	0	0
0.43	0.031982	-0.025067	0.67216	0.9669	-29.02	0	0
0.44	0.028742	0.0036964	0.70287	1.0548	-29.02	0	0
0.45	0.034577	-0.0155	0.7254	1.0548	-28.911	0	0
0.46	0.031012	0.0092762	0.7523	1.1427	-28.911	0	0
0.47	0.035272	-0.0086737	0.7801	1.1427	-28.802	0	0
0.48	0.03718	-0.026945	0.807	1.3185	-28.693	0	0
0.49	0.03579	0.0023794	0.83648	1.3185	-28.693	0	0
0.5	0.03921	-0.009644	0.85829	1.4064	-28.584	0	0
0.51	0.034896	-0.020054	0.88477	1.4943	-28.475	0	0
0.52	0.038526	-0.038319	0.91552	1.5822	-28.366	0	0
0.53	0.037422	-0.0045452	0.93656	1.5822	-28.366	0	0
0.54	0.040089	-0.017182	0.9641	1.6701	-28.258	0	0
0.55	0.043361	-0.028315	0.98764	1.758	-28.149	0	0
0.56	0.040347	-0.043405	1.0151	1.8459	-28.04	0	0
0.57	0.045454	-0.052385	1.0397	1.8459	-27.931	0	0
0.58	0.048263	-0.013129	1.0639	1.9338	-27.931	0	0
0.59	0.045657	-0.019287	1.0962	1.9338	-27.822	0	0
0.6	0.04892	-0.026234	1.1196	2.0217	-27.713	0	0
0.61	0.045975	-0.034007	1.1471	2.1096	-27.604	0	0
0.62	0.049164	-0.038666	1.1716	2.1975	-27.495	0	0
0.63	0.047164	-0.041487	1.1958	2.1975	-27.386	0	0
0.64	0.048788	-0.047223	1.2184	2.3733	-27.277	0	0
0.65	0.048297	-0.05068	1.2414	2.3733	-27.169	0	0
0.66	0.050683	-0.05279	1.2701	2.4612	-27.06	0	0
0.67	0.04928	-0.058552	1.2899	2.4612	-26.951	0	0
0.68	0.050494	-0.062023	1.3167	2.637	-26.842	0	0
0.69	0.056268	-0.064143	1.3474	2.637	-26.733	0	0
0.7	0.051835	-0.020835	1.3715	2.7249	-26.733	0	0
0.71	0.057172	-0.06923	1.3942	2.7249	-26.515	0	0
0.72	0.053677	-0.068606	1.4172	2.8128	-26.406	0	0
0.73	0.058305	-0.068308	1.4391	2.8128	-26.297	0	0
0.74	0.055023	-0.068201	1.4617	2.9007	-26.189	0	0
0.75	0.059101	-0.068207	1.487	2.9886	-26.08	0	0
0.76	0.055169	-0.06828	1.508	3.0765	-25.971	0	0
0.77	0.061082	-0.063947	1.5248	3.0765	-25.862	0	0
0.78	0.056706	-0.061457	1.5483	3.1644	-25.753	0	0
0.79	0.062225	-0.056055	1.5705	3.1644	-25.644	0	0
0.8	0.05844	-0.056936	1.5933	3.2523	-25.535	0	0
0.81	0.063807	-0.053525	1.6111	3.2523	-25.426	0	0
0.82	0.060346	-0.05158	1.6353	3.3402	-25.317	0	0
0.83	0.059123	-0.054502	1.6495	3.3402	-25.208	0	0
0.84	0.06215	-0.052295	1.6731	3.4281	-25.099	0	0
0.85	0.068727	-0.051062	1.6899	3.4281	-24.991	0	0
0.86	0.064009	-0.046802	1.7178	3.516	-24.882	0	0
0.87	0.061951	-0.047957	1.7342	3.6039	-24.773	0	0
0.88	0.065855	-0.041866	1.7591	3.6039	-24.664	0	0
0.89	0.065683	-0.038339	1.7766	3.6039	-24.555	0	0
0.9	0.067647	-0.080954	1.7954	3.6918	-24.337	0	0
0.91	0.065295	-0.076918	1.8161	3.7797	-24.228	0	0
0.92	0.070169	-0.074604	1.8366	3.7797	-24.119	0	0
0.93	0.066793	-0.068861	1.8584	3.8676	-24.011	0	0
0.94	0.065719	-0.065539	1.8713	3.8676	-23.902	0	0
0.95	0.067807	-0.063647	1.894	3.9555	-23.793	0	0
0.96	0.067318	-0.058598	1.9103	3.9555	-23.684	0	0
0.97	0.072049	-0.059687	1.9243	3.9555	-23.575	0	0
0.98	0.067547	-0.056399	1.9462	4.0434	-23.466	0	0
0.99	0.067278	-0.054526	1.9591	4.0434	-23.357	0	0
1	0.069699	-0.049889	1.9819	4.1313	-23.248	0	0
1.01	0.069376	-0.04722	1.9982	4.1313	-23.139	0	0
1.02	0.073966	-0.045713	2.0162	4.1313	-23.03	0	0
1.03	0.071052	-0.041652	2.0364	4.2192	-22.922	0	0
1.04	0.069882	-0.039323	2.0484	4.2192	-22.813	0	0
1.05	0.068021	-0.082646	2.0555	4.3071	-22.595	0	0
1.06	0.073381	-0.034399	2.0715	4.3071	-22.595	0	0
1.07	0.07148	-0.079877	2.0871	4.3071	-22.377	0	0
1.08	0.074362	-0.073085	2.0963	4.395	-22.268	0	0
1.09	0.073745	-0.07359	2.1198	4.395	-22.159	0	0
1.1	0.072224	-0.069512	2.1336	4.395	-22.05	0	0
1.11	0.076802	-0.071619	2.1462	4.4829	-21.941	0	0
1.12	0.075119	-0.072933	2.1672	4.4829	-21.832	0	0
1.13	0.071467	-0.073778	2.1796	4.5708	-21.724	0	0
1.14	0.077824	-0.074346	2.1953	4.5708	-21.615	0	0
1.15	0.076032	-0.070305	2.2142	4.5708	-21.506	0	0
1.16	0.074224	-0.072435	2.2254	4.5708	-21.397	0	0
1.17	0.072586	-0.069315	2.2319	4.6587	-21.288	0	0
1.18	0.077811	-0.071989	2.2477	4.6587	-21.179	0	0
1.19	0.074721	-0.073637	2.2632	4.7466	-21.07	0	0
1.2	0.074732	-0.07468	2.2723	4.6587	-20.961	0	0
1.21	0.07871	-0.030736	2.2896	4.7466	-20.961	0	0
1.22	0.07725	-0.078755	2.3059	4.7466	-20.744	0	0
1.23	0.075691	-0.033282	2.3155	4.7466	-20.744	0	0
1.24	0.080258	-0.035769	2.3295	4.7466	-20.635	0	0
1.25	0.077957	-0.037307	2.3474	4.8345	-20.526	0	0
1.26	0.076933	-0.041526	2.358	4.8345	-20.417	0	0
1.27	0.082138	-0.047687	2.3643	4.8345	-20.308	0	0
1.28	0.07982	-0.047794	2.386	4.8345	-20.199	0	0
1.29	0.077135	-0.055529	2.3988	4.9224	-20.09	0	0
1.3	0.076832	-0.060166	2.4063	4.9224	-19.981	0	0
1.31	0.082146	-0.067419	2.4152	4.9224	-19.872	0	0
1.32	0.080093	-0.071772	2.434	4.9224	-19.763	0	0
1.33	0.078343	-0.029782	2.4452	4.9224	-19.763	0	0
1.34	0.076891	-0.034327	2.4517	4.9224	-19.654	0	0
1.35	0.080457	-0.043923	2.4707	5.0103	-19.546	0	0
1.36	0.081616	-0.049658	2.4848	4.9224	-19.437	0	0
1.37	0.078042	-0.061562	2.4931	5.0103	-19.328	0	0
1.38	0.077237	-0.06866	2.4981	5.0103	-19.219	0	0
1.39	0.082289	-0.028292	2.5093	5.0103	-19.219	0	0
1.4	0.080389	-0.037036	2.5256	5.0103	-19.11	0	0
1.41	0.078808	-0.045869	2.5352	5.0103	-19.001	0	0
1.42	0.077507	-0.055156	2.5409	5.0103	-18.892	0	0
1.43	0.082168	-0.020526	2.5562	5.0103	-18.892	0	0
1.44	0.080263	-0.029417	2.5713	5.0103	-18.783	0	0
1.45	0.078704	-0.037978	2.5802	5.0103	-18.674	0	0
1.46	0.077429	-0.050704	2.5855	5.0103	-18.566	0	0
1.47	0.081893	-0.018106	2.6037	5.0103	-18.566	0	0
1.48	0.080049	-0.028196	2.6173	5.0103	-18.457	0	0
1.49	0.078541	-0.041066	2.6254	5.0103	-18.348	0	0
1.5	0.077309	-0.057182	2.6301	5.0103	-18.239	0	0
1.51	0.081287	-0.022139	2.6449	5.0982	-18.239	0	0
1.52	0.081087	-0.034027	2.6596	5.0103	-18.13	0	0
1.53	0.078955	-0.048719	2.6684	5.0103	-18.021	0	0
1.54	0.083919	-0.017281	2.6735	5.0982	-18.021	0	0
1.55	0.082508	-0.031297	2.6946	5.0982	-17.912	0	0
1.56	0.080976	-0.047245	2.707	5.0982	-17.803	0	0
1.57	0.0796	-0.016549	2.7143	5.0982	-17.803	0	0
1.58	0.078436	-0.031004	2.7187	5.0982	-17.694	0	0
1.59	0.083432	-0.051657	2.7296	5.0982	-17.585	0	0
1.6	0.081565	-0.019293	2.7457	5.0982	-17.585	0	0
1.61	0.080036	-0.032763	2.7552	5.0982	-17.477	0	0
1.62	0.078786	-0.0082061	2.7608	5.0982	-17.477	0	0
1.63	0.077764	-0.023045	2.7641	5.0982	-17.368	0	0
1.64	0.082657	-0.047165	2.7779	5.0982	-17.259	0	0
1.65	0.080942	-0.016849	2.7922	5.0982	-17.259	0	0
1.66	0.079539	-0.031528	2.8006	5.0982	-17.15	0	0
1.67	0.08412	-0.0076852	2.8175	5.0982	-17.15	0	0
1.68	0.082149	-0.022945	2.8336	5.0982	-17.041	0	0
1.69	0.080536	-0.047315	2.8431	5.0982	-16.932	0	0
1.7	0.079218	-0.017146	2.8487	5.0982	-16.932	0	0
1.71	0.078141	-0.035513	2.852	5.0982	-16.823	0	0
1.72	0.08299	-0.010246	2.8658	5.0982	-16.823	0	0
1.73	0.081238	-0.027907	2.8801	5.0982	-16.714	0	0
1.74	0.079805	-0.0058244	2.8885	5.0982	-16.714	0	0
1.75	0.078634	-0.028966	2.8935	5.0982	-16.605	0	0
1.76	0.083879	-0.0065195	2.9009	5.0982	-16.605	0	0
1.77	0.081236	-0.029446	2.9188	5.1861	-16.496	0	0
1.78	0.08098	-0.0068723	2.9294	5.1861	-16.496	0	0
1.79	0.080134	-0.029724	2.9356	5.1861	-16.388	0	0
1.8	0.079234	-0.051734	2.9393	5.1861	-16.279	0	0
1.81	0.084391	-0.020172	2.9499	5.1861	-16.279	0	0
1.82	0.082638	-0.0015348	2.9657	5.1861	-16.279	0	0
1.83	0.081195	-0.019869	2.9751	5.1861	-16.17	0	0
1.84	0.080013	-0.0014251	2.9806	5.1861	-16.17	0	0
1.85	0.077216	-0.019873	2.9839	5.274	-16.061	0	0
1.86	0.083962	-0.0014973	3.0009	5.274	-16.061	0	0
1.87	0.082989	-0.023227	3.0139	5.274	-15.952	0	0
1.88	0.081867	-0.0035467	3.0215	5.274	-15.952	0	0
1.89	0.080843	-0.028107	3.026	5.274	-15.843	0	0
1.9	0.079972	-0.0064982	3.0287	5.274	-15.843	0	0
1.91	0.084707	-0.033921	3.0347	5.3619	-15.734	0	0
1.92	0.084294	-0.01	3.0518	5.3619	-15.734	0	0
1.93	0.083317	0.0041243	3.0619	5.3619	-15.734	0	0
1.94	0.082308	-0.016874	3.0679	5.3619	-15.625	0	0
1.95	0.079584	-3.9709e-06	3.0714	5.4498	-15.625	0	0
1.96	0.086368	-0.022622	3.0886	5.4498	-15.516	0	0
1.97	0.085418	-0.0034677	3.1016	5.4498	-15.516	0	0
1.98	0.084313	-0.028338	3.1093	5.4498	-15.407	0	0
1.99	0.083302	-0.0069122	3.1139	5.4498	-15.407	0	0
2	0.082393	-0.038889	3.1166	5.5377	-15.299	0	0
2.01	0.088015	-0.013212	3.1333	5.5377	-15.299	0	0
2.02	0.086707	0.0019505	3.146	5.5377	-15.299	0	0
2.03	0.085501	-0.025278	3.1535	5.5377	-15.19	0	0
2.04	0.084115	-0.0052439	3.158	5.6256	-15.19	0	0
2.05	0.0843	-0.038043	3.1606	5.6256	-15.081	0	0
2.06	0.090391	-0.012851	3.1622	5.6256	-15.081	0	0
2.07	0.088763	0.0020247	3.1811	5.6256	-15.081	0	0
2.08	0.087327	-0.025373	3.1922	5.7135	-14.972	0	0
2.09	0.087005	-0.0054388	3.1988	5.7135	-14.972	0	0
2.1	0.086328	0.006332	3.2027	5.7135	-14.972	0	0
2.11	0.085641	-0.016057	3.205	5.7135	-14.863	0	0
2.12	0.084987	-7.046e-06	3.2064	5.8014	-14.863	0	0
2.13	0.091763	-0.030713	3.2072	5.8014	-14.754	0	0
2.14	0.090452	-0.0087308	3.2257	5.8014	-14.754	0	0
2.15	0.089242	0.0042493	3.2366	5.8014	-14.754	0	0
2.16	0.08816	-0.024267	3.243	5.8893	-14.645	0	0
2.17	0.088131	-0.0049943	3.2468	5.8893	-14.645	0	0
2.18	0.086953	0.0063862	3.2491	5.9772	-14.645	0	0
2.19	0.087763	-0.016233	3.2504	5.9772	-14.536	0	0
2.2	0.093947	-0.00031937	3.2556	5.9772	-14.536	0	0
2.21	0.092591	-0.035551	3.2722	5.9772	-14.427	0	0
2.22	0.09105	-0.011796	3.2821	6.0651	-14.427	0	0
2.23	0.091097	0.002231	3.2879	6.0651	-14.427	0	0
2.24	0.089391	-0.034115	3.2913	6.153	-14.318	0	0
2.25	0.090455	-0.011017	3.2933	6.153	-14.318	0	0
2.26	0.090475	0.0026215	3.2945	6.153	-14.318	0	0
2.27	0.090213	-0.021905	3.2952	6.153	-14.21	0	0
2.28	0.095366	-0.0038771	3.3	6.2409	-14.21	0	0
2.29	0.095268	0.0067683	3.3165	6.2409	-14.21	0	0
2.3	0.093312	-0.016285	3.3262	6.3288	-14.101	0	0
2.31	0.094871	-0.00062779	3.3319	6.2409	-14.101	0	0
2.32	0.093017	0.0086175	3.3353	6.3288	-14.101	0	0
2.33	0.093185	-0.015262	3.3373	6.3288	-13.992	0	0
2.34	0.092574	-9.3394e-05	3.3385	6.4167	-13.992	0	0
2.35	0.093277	-0.035765	3.3392	6.4167	-13.883	0	0
2.36	0.0933	-0.012269	3.3396	6.4167	-13.883	0	0
2.37	0.09314	0.0016045	3.3398	6.4167	-13.883	0	0
2.38	0.092902	-0.034832	3.34	6.5046	-13.774	0	0
2.39	0.10001	-0.011788	3.3401	6.5046	-13.774	0	0
2.4	0.09823	0.0018194	3.3581	6.5925	-13.774	0	0
2.41	0.09854	-0.026327	3.3688	6.5925	-13.665	0	0
2.42	0.098112	-0.0068353	3.3751	6.5925	-13.665	0	0
2.43	0.097538	0.0046744	3.3788	6.5925	-13.665	0	0
2.44	0.096639	-0.024711	3.381	6.6804	-13.556	0	0
2.45	0.097212	-0.0059502	3.3823	6.6804	-13.556	0	0
2.46	0.097165	0.0051276	3.383	6.6804	-13.556	0	0
2.47	0.0966	-0.028514	3.3835	6.7683	-13.447	0	0
2.48	0.097414	-0.0082653	3.3838	6.7683	-13.447	0	0
2.49	0.097553	0.0036912	3.3839	6.7683	-13.447	0	0
2.5	0.095663	-0.02543	3.384	6.8562	-13.338	0	0
2.51	0.09759	-0.0065138	3.3841	6.8562	-13.338	0	0
2.52	0.098151	0.004656	3.3841	6.8562	-13.338	0	0
2.53	0.099458	-0.028931	3.3841	6.8562	-13.229	0	0
2.54	0.097434	-0.0086506	3.3841	6.9441	-13.229	0	0
2.55	0.09876	0.0033248	3.3841	6.9441	-13.229	0	0
2.56	0.099163	-0.029786	3.3841	6.9441	-13.12	0	0
2.57	0.099271	-0.0092251	3.3841	6.9441	-13.12	0	0
2.58	0.098929	0.0029162	3.3841	7.032	-13.12	0	0
2.59	0.099956	-0.026096	3.3841	7.032	-13.012	0	0
2.6	0.10028	-0.0071153	3.3841	7.032	-13.012	0	0
2.61	0.10002	0.0040926	3.3841	7.1199	-13.012	0	0
2.62	0.10108	-0.025471	3.3841	7.1199	-12.903	0	0
2.63	0.10142	-0.0068155	3.3841	7.1199	-12.903	0	0
2.64	0.10153	0.0042002	3.3841	7.1199	-12.903	0	0
2.65	0.10156	-0.025477	3.3841	7.1199	-12.794	0	0
2.66	0.1012	-0.0068884	3.3841	7.2078	-12.794	0	0
2.67	0.10224	0.0040877	3.3841	7.2078	-12.794	0	0
2.68	0.10258	-0.025612	3.3841	7.2078	-12.685	0	0
2.69	0.10194	-0.007038	3.3841	7.2957	-12.685	0	0
2.7	0.10328	0.00393	3.3841	7.2957	-12.685	0	0
2.71	0.10371	-0.029776	3.3841	7.2957	-12.576	0	0
2.72	0.10386	-0.0095662	3.3841	7.2957	-12.576	0	0
2.73	0.10568	0.0023677	3.3841	7.2957	-12.576	0	0
2.74	0.10327	-0.026767	3.3841	7.3836	-12.467	0	0
2.75	0.10451	-0.0078586	3.3841	7.3836	-12.467	0	0
2.76	0.10491	0.0033066	3.3841	7.3836	-12.467	0	0
2.77	0.10504	-0.026282	3.3841	7.3836	-12.358	0	0
2.78	0.10509	-0.0076416	3.3841	7.3836	-12.358	0	0
2.79	0.10387	0.0033653	3.3841	7.4715	-12.358	0	0
2.8	0.10733	-0.030318	3.3841	7.3836	-12.249	0	0
2.81	0.099278	-0.010094	3.3798	7.4715	-12.249	0	0
2.82	0.10095	0.0018476	3.3636	7.4715	-12.249	0	0
2.83	0.10204	-0.035729	3.354	7.4715	-12.14	0	0
2.84	0.10285	-0.013359	3.3483	7.4715	-12.14	0	0
2.85	0.10349	-0.00014969	3.345	7.4715	-12.14	0	0
2.86	0.10277	0.0076504	3.343	7.5594	-12.14	0	0
2.87	0.1042	-0.017083	3.3419	7.5594	-12.032	0	0
2.88	0.10548	-0.002418	3.3412	7.5594	-12.032	0	0
2.89	0.10606	-0.038387	3.3408	7.5594	-11.923	0	0
2.9	0.10638	-0.015067	3.3405	7.5594	-11.923	0	0
2.91	0.1066	-0.0012971	3.3404	7.5594	-11.923	0	0
2.92	0.10676	0.006834	3.3403	7.5594	-11.923	0	0
2.93	0.1014	-0.020945	3.3319	7.5594	-11.814	0	0
2.94	0.10042	-0.0048372	3.3173	7.6473	-11.814	0	0
2.95	0.10405	0.0046741	3.3087	7.5594	-11.814	0	0
2.96	0.10382	-0.025891	3.3036	7.6473	-11.705	0	0
2.97	0.10381	-0.0078272	3.3006	7.6473	-11.705	0	0
2.98	0.10559	0.0028392	3.2988	7.6473	-11.705	0	0
2.99	0.10644	-0.027044	3.2978	7.6473	-11.596	0	0
3	0.10692	-0.0085774	3.2971	7.6473	-11.596	0	0
3.01	0.10725	0.0023268	3.2968	7.6473	-11.596	0	0
3.02	0.10177	-0.027416	3.2847	7.6473	-11.487	0	0
3.03	0.103	-0.0088665	3.2714	7.6473	-11.487	0	0
3.04	0.10401	0.0020867	3.2636	7.6473	-11.487	0	0
3.05	0.10483	-0.031628	3.259	7.6473	-11.378	0	0
3.06	0.10427	-0.011423	3.2562	7.7352	-11.378	0	0
3.07	0.10536	0.00050745	3.2546	7.7352	-11.378	0	0
3.08	0.10707	-0.03263	3.2537	7.7352	-11.269	0	0
3.09	0.10212	-0.012084	3.2412	7.7352	-11.269	0	0
3.1	0.10359	4.7691e-05	3.2277	7.7352	-11.269	0	0
3.11	0.10472	0.0072116	3.2198	7.7352	-11.269	0	0
3.12	0.10563	-0.017897	3.2151	7.7352	-11.16	0	0
3.13	0.10636	-0.0034542	3.2123	7.7352	-11.16	0	0
3.14	0.1066	0.0050743	3.2107	7.8231	-11.16	0	0
3.15	0.1024	-0.019229	3.1978	7.8231	-11.051	0	0
3.16	0.10417	-0.0043098	3.1841	7.8231	-11.051	0	0
3.17	0.10545	0.0044997	3.1761	7.8231	-11.051	0	0
3.18	0.10645	-0.022879	3.1713	7.8231	-10.942	0	0
3.19	0.10724	-0.0065344	3.1685	7.8231	-10.942	0	0
3.2	0.10168	0.0031166	3.1624	7.8231	-10.942	0	0
3.21	0.10332	-0.023765	3.1452	7.8231	-10.834	0	0
3.22	0.10393	-0.0071271	3.1351	7.911	-10.834	0	0
3.23	0.10632	0.0026973	3.1291	7.911	-10.834	0	0
3.24	0.10765	-0.027683	3.1256	7.911	-10.725	0	0
3.25	0.10207	-0.0095101	3.1235	7.911	-10.725	0	0
3.26	0.10388	0.0012207	3.1042	7.911	-10.725	0	0
3.27	0.10534	-0.025023	3.0929	7.911	-10.616	0	0
3.28	0.10578	-0.008009	3.0862	7.9989	-10.616	0	0
3.29	0.10804	0.0020377	3.0822	7.9989	-10.616	0	0
3.3	0.1033	-0.032213	3.0715	7.9989	-10.507	0	0
3.31	0.10516	-0.012324	3.0556	7.9989	-10.507	0	0
3.32	0.10661	-0.00057952	3.0461	7.9989	-10.507	0	0
3.33	0.10778	-0.038273	3.0406	7.9989	-10.398	0	0
3.34	0.10872	-0.015972	3.0373	7.9989	-10.398	0	0
3.35	0.10399	-0.0028032	3.0202	7.9989	-10.398	0	0
3.36	0.10378	0.0049728	3.0073	8.0868	-10.398	0	0
3.37	0.10836	-0.019775	2.9996	7.9989	-10.289	0	0
3.38	0.10813	-0.0051181	2.9951	8.0868	-10.289	0	0
3.39	0.10401	0.0035365	2.9805	8.0868	-10.289	0	0
3.4	0.10601	-0.020692	2.9658	8.0868	-10.18	0	0
3.41	0.10752	-0.0057293	2.9572	8.0868	-10.18	0	0
3.42	0.10872	0.0031061	2.952	8.0868	-10.18	0	0
3.43	0.10396	-0.027858	2.9371	8.0868	-10.071	0	0
3.44	0.10578	-0.01003	2.9222	8.0868	-10.071	0	0
3.45	0.10727	0.00049719	2.9134	8.0868	-10.071	0	0
3.46	0.1002	-0.037915	2.9082	8.1747	-9.9624	0	0
3.47	0.10562	-0.016038	2.8871	8.0868	-9.9624	0	0
3.48	0.10568	-0.0031199	2.8747	8.1747	-9.9624	0	0
3.49	0.10885	-0.04012	2.8673	8.0868	-9.8535	0	0
3.5	0.10256	-0.01741	2.863	8.1747	-9.8535	0	0
3.51	0.1052	-0.0039993	2.8424	8.1747	-9.8535	0	0
3.52	0.10711	0.0039194	2.8303	8.1747	-9.8535	0	0
3.53	0.10858	-0.020744	2.8231	8.1747	-9.7446	0	0
3.54	0.10381	-0.0060374	2.8106	8.1747	-9.7446	0	0
3.55	0.10584	0.0026466	2.7935	8.1747	-9.7446	0	0
3.56	0.1075	-0.036854	2.7834	8.1747	-9.6357	0	0
3.57	0.1024	-0.01562	2.7774	8.1747	-9.6357	0	0
3.58	0.10467	-0.0030812	2.7559	8.1747	-9.6357	0	0
3.59	0.10653	0.0043227	2.7432	8.1747	-9.6357	0	0
3.6	0.10805	-0.023885	2.7357	8.1747	-9.5268	0	0
3.61	0.10379	-0.0080314	2.7162	8.1747	-9.5268	0	0
3.62	0.1058	0.0013303	2.7017	8.1747	-9.5268	0	0
3.63	0.10744	-0.033324	2.6932	8.1747	-9.4179	0	0
3.64	0.10328	-0.013674	2.6731	8.1747	-9.4179	0	0
3.65	0.10537	-0.0020713	2.6583	8.1747	-9.4179	0	0
3.66	0.10708	0.0047802	2.6496	8.1747	-9.4179	0	0
3.67	0.10251	-0.020513	2.6361	8.1747	-9.309	0	0
3.68	0.10473	-0.0061789	2.6185	8.1747	-9.309	0	0
3.69	0.10654	0.0022853	2.6081	8.1747	-9.309	0	0
3.7	0.10206	-0.032899	2.5936	8.1747	-9.2001	0	0
3.71	0.10435	-0.013562	2.5754	8.1747	-9.2001	0	0
3.72	0.10622	-0.0021439	2.5646	8.1747	-9.2001	0	0
3.73	0.10202	0.0045986	2.5463	8.1747	-9.2001	0	0
3.74	0.10395	-0.027601	2.5295	8.2626	-9.0912	0	0
3.75	0.10685	-0.010503	2.5195	8.2626	-9.0912	0	0
3.76	0.10322	-0.00040704	2.4985	8.2626	-9.0912	0	0
3.77	0.10557	0.0055547	2.4832	8.2626	-9.0912	0	0
3.78	0.10098	-0.020264	2.4742	8.2626	-8.9823	0	0
3.79	0.10366	-0.0062401	2.4509	8.2626	-8.9823	0	0
3.8	0.10584	0.002041	2.4371	8.2626	-8.9823	0	0
3.81	0.10166	-0.025649	2.4206	8.2626	-8.8734	0	0
3.82	0.10419	-0.0094894	2.4012	8.2626	-8.8734	0	0
3.83	0.099805	5.2811e-05	2.3898	8.2626	-8.8734	0	0
3.84	0.10083	0.0056874	2.365	8.3505	-8.8734	0	0
3.85	0.10642	-0.023566	2.3504	8.2626	-8.7645	0	0
3.86	0.10129	-0.0083284	2.3299	8.3505	-8.7645	0	0
3.87	0.10461	0.00066897	2.3117	8.3505	-8.7645	0	0
3.88	0.10697	-0.034201	2.3009	8.3505	-8.6556	0	0
3.89	0.10328	-0.014678	2.2794	8.3505	-8.6556	0	0
3.9	0.10571	-0.0031497	2.2639	8.3505	-8.6556	0	0
3.91	0.10196	0.0036575	2.2428	8.3505	-8.6556	0	0
3.92	0.10461	-0.024903	2.2242	8.3505	-8.5467	0	0
3.93	0.10057	-0.009257	2.2089	8.3505	-8.5467	0	0
3.94	0.10163	-1.8186e-05	2.1862	8.4384	-8.5467	0	0
3.95	0.10031	-0.039191	2.1728	8.3505	-8.4378	0	0
3.96	0.10241	-0.017764	2.1469	8.4384	-8.4378	0	0
3.97	0.099318	-0.0051106	2.1317	8.4384	-8.4378	0	0
3.98	0.10282	0.0023608	2.1046	8.4384	-8.4378	0	0
3.99	0.10556	-0.029409	2.0887	8.4384	-8.3289	0	0
4	0.10202	-0.012056	2.0673	8.4384	-8.3289	0	0
4.01	0.10483	-0.00181	2.0486	8.4384	-8.3289	0	0
4.02	0.1014	0.0042403	2.0257	8.4384	-8.3289	0	0
4.03	0.10356	-0.021526	2.0061	8.5263	-8.22	0	0
4.04	0.10151	-0.0074712	1.9826	8.5263	-8.22	0	0
4.05	0.10491	0.00082807	1.9626	8.5263	-8.22	0	0
4.06	0.10152	0.0057287	1.9425	8.5263	-8.22	0	0
4.07	0.10463	-0.023958	1.9209	8.5263	-8.1111	0	0
4.08	0.10119	-0.0089765	1.8998	8.5263	-8.1111	0	0
4.09	0.10432	-0.00013019	1.8778	8.5263	-8.1111	0	0
4.1	0.10091	-0.035089	1.8564	8.5263	-8.0022	0	0
4.11	0.10224	-0.015619	1.8341	8.6142	-8.0022	0	0
4.12	0.10213	-0.0041219	1.8126	8.5263	-8.0022	0	0
4.13	0.104	0.0026669	1.7902	8.6142	-8.0022	0	0
4.14	0.10161	-0.025904	1.7651	8.6142	-7.8933	0	0
4.15	0.10501	-0.010265	1.7442	8.6142	-7.8933	0	0
4.16	0.10195	-0.0010298	1.7199	8.6142	-7.8933	0	0
4.17	0.098667	0.0044234	1.6995	8.6142	-7.8933	0	0
4.18	0.10241	-0.021696	1.6695	8.6142	-7.7844	0	0
4.19	0.099272	-0.007849	1.6473	8.6142	-7.7844	0	0
4.2	0.10467	0.00032731	1.6207	8.6142	-7.7844	0	0
4.21	0.099491	0.0051553	1.6005	8.7021	-7.7844	0	0
4.22	0.10394	-0.021333	1.575	8.7021	-7.6755	0	0
4.23	0.10117	-0.0077042	1.5516	8.7021	-7.6755	0	0
4.24	0.1047	0.0003434	1.5281	8.7021	-7.6755	0	0
4.25	0.10182	-0.035087	1.5024	8.7021	-7.5666	0	0
4.26	0.10516	-0.015895	1.4811	8.7021	-7.5666	0	0
4.27	0.10239	-0.0045629	1.4534	8.7021	-7.5666	0	0
4.28	0.099154	0.0021289	1.4341	8.7021	-7.5666	0	0
4.29	0.10295	-0.034102	1.4048	8.7021	-7.4577	0	0
4.3	0.099853	-0.015383	1.3831	8.7021	-7.4577	0	0
4.31	0.10351	-0.0043299	1.3566	8.7021	-7.4577	0	0
4.32	0.10077	0.0021971	1.3291	8.7021	-7.4577	0	0
4.33	0.097798	-0.034131	1.3068	8.7021	-7.3488	0	0
4.34	0.10181	-0.01547	1.2756	8.7021	-7.3488	0	0
4.35	0.098881	-0.0044504	1.2528	8.7021	-7.3488	0	0
4.36	0.10268	0.0020565	1.2257	8.7021	-7.3488	0	0
4.37	0.10006	0.0058987	1.1978	8.7021	-7.3488	0	0
4.38	0.097177	-0.021172	1.1752	8.7021	-7.2399	0	0
4.39	0.10126	-0.0078866	1.1439	8.7021	-7.2399	0	0
4.4	0.098643	-4.1987e-05	1.1171	8.7021	-7.2399	0	0
4.41	0.10245	-0.040038	1.0916	8.7021	-7.131	0	0
4.42	0.10006	-0.019097	1.0614	8.7021	-7.131	0	0
4.43	0.097141	-0.0067308	1.0407	8.7021	-7.131	0	0
4.44	0.1012	0.00057107	1.0105	8.7021	-7.131	0	0
4.45	0.098552	0.0048828	0.98428	8.7021	-7.131	0	0
4.46	0.10234	-0.025151	0.95917	8.7021	-7.0221	0	0
4.47	0.09993	-0.010375	0.92922	8.7021	-7.0221	0	0
4.48	0.097251	-0.0016505	0.90426	8.7021	-7.0221	0	0
4.49	0.10125	0.0035016	0.87592	8.7021	-7.0221	0	0
4.5	0.099015	-0.038085	0.84407	8.7021	-6.9132	0	0
4.51	0.096721	-0.018082	0.81403	8.7021	-6.9132	0	0
4.52	0.10084	-0.0062705	0.78664	8.6142	-6.9132	0	0
4.53	0.097835	0.00070407	0.75535	8.6142	-6.9132	0	0
4.54	0.095075	0.0048225	0.7296	8.6142	-6.9132	0	0
4.55	0.099141	-0.028927	0.70079	8.6142	-6.8043	0	0
4.56	0.097006	-0.012744	0.66867	8.6142	-6.8043	0	0
4.57	0.094806	-0.0031878	0.63846	8.6142	-6.8043	0	0
4.58	0.09896	0.002455	0.61098	8.6142	-6.8043	0	0
4.59	0.098685	0.0057869	0.57964	8.5263	-6.8043	0	0
4.6	0.094223	-0.021585	0.55385	8.5263	-6.6954	0	0
4.61	0.097759	-0.0084776	0.52502	8.5263	-6.6954	0	0
4.62	0.095472	-0.00073806	0.49288	8.5263	-6.6954	0	0
4.63	0.093	0.0038321	0.46663	8.5263	-6.6954	0	0
4.64	0.097202	0.0065307	0.43752	8.5263	-6.6954	0	0
4.65	0.095146	-0.028057	0.40522	8.5263	-6.5865	0	0
4.66	0.092759	-0.012369	0.37887	8.5263	-6.5865	0	0
4.67	0.098828	-0.0031053	0.3497	8.4384	-6.5865	0	0
4.68	0.094536	0.0023648	0.32057	8.4384	-6.5865	0	0
4.69	0.091776	0.0055949	0.28893	8.4384	-6.5865	0	0
4.7	0.095795	-0.03268	0.2606	8.4384	-6.4776	0	0
4.71	0.093683	-0.015168	0.22876	8.4384	-6.4776	0	0
4.72	0.091523	-0.0048277	0.19872	8.4384	-6.4776	0	0
4.73	0.089263	0.0012783	0.17134	8.4384	-6.4776	0	0
4.74	0.093907	0.0048839	0.13717	8.3505	-6.4776	0	0
4.75	0.091109	-0.037616	0.10508	8.3505	-6.3687	0	0
4.76	0.098874	-0.014156	0.075653	8.3505	-6.3687	0.010132	0.0039964
4.77	0.11339	0.0013339	0.044672	8.3505	-6.3687	0.020264	0.0079929
4.78	0.12165	0.012117	0.011264	8.3505	-6.3687	0.030396	0.011989
4.79	0.12956	0.020121	-0.015742	8.3505	-6.3687	0.040527	0.015986
4.8	0.13761	0.026483	-0.045291	8.3505	-6.3687	0.050659	0.019982
4.81	0.15248	0.0025381	-0.080738	8.3505	-6.2598	0.060791	0.023979
4.82	0.16077	0.019305	-0.11358	8.3505	-6.2598	0.070923	0.027975
4.83	0.16895	0.030842	-0.14345	8.2626	-6.2598	0.081055	0.031971
4.84	0.1828	0.039291	-0.1747	8.2626	-6.2598	0.091187	0.035968
4.85	0.19088	0.045917	-0.20826	8.2626	-6.2598	0.10132	0.039964
4.86	0.199	0.015285	-0.23931	8.2626	-6.1509	0.11145	0.043961
4.87	0.21348	0.034945	-0.2673	8.2626	-6.1509	0.12158	0.047957
4.88	0.22168	0.048191	-0.29894	8.2626	-6.1509	0.13171	0.051954
4.89	0.22976	0.057649	-0.32885	8.2626	-6.1509	0.14185	0.05595
4.9	0.23772	0.064871	-0.35617	8.2626	-6.1509	0.15198	0.059946
4.91	0.25251	0.038191	-0.39029	8.2626	-6.042	0.16211	0.063943
4.92	0.26095	0.056585	-0.42556	8.2626	-6.042	0.17224	0.067939
4.93	0.2674	0.069082	-0.45762	8.3505	-6.042	0.18237	0.071936
4.94	0.27754	0.078099	-0.48619	8.3505	-6.042	0.1925	0.075932
4.95	0.29313	0.085059	-0.52107	8.3505	-6.042	0.20264	0.079929
4.96	0.29984	0.058226	-0.55357	8.4384	-5.9331	0.21277	0.083925
4.97	0.3101	0.076528	-0.58324	8.4384	-5.9331	0.2229	0.087922
4.98	0.3255	0.088972	-0.61437	8.4384	-5.9331	0.23303	0.091918
4.99	0.33375	0.097957	-0.64786	8.5263	-5.9331	0.24316	0.095914
5	0.34125	0.07556	-0.67887	8.6142	-5.8242	0.2533	0.099911
5.01	0.33581	0.090383	-0.70683	8.6142	-5.8242	0.24575	0.099913
5.02	0.33553	0.099601	-0.74134	8.7021	-5.8242	0.2382	0.099914
5.03	0.32849	0.060882	-0.77683	8.79	-5.7153	0.23065	0.099916
5.04	0.32136	0.083045	-0.80902	8.8779	-5.7153	0.2231	0.099918
5.05	0.31395	0.096597	-0.83768	8.9658	-5.7153	0.21555	0.099919
5.06	0.31453	0.10507	-0.8726	9.0537	-5.7153	0.20801	0.099921
5.07	0.30914	0.081194	-0.90513	9.1416	-5.6064	0.20046	0.099923
5.08	0.30319	0.096833	-0.93878	9.2295	-5.6064	0.19291	0.099924
5.09	0.29615	0.10653	-0.97269	9.4053	-5.6064	0.18536	0.099926
5.1	0.29748	0.080148	-1.0063	9.4932	-5.4975	0.17781	0.099928
5.11	0.29117	0.097545	-1.0413	9.669	-5.4975	0.17027	0.09993
5.12	0.28469	0.068101	-1.0732	9.8448	-5.3886	0.16272	0.099931
5.13	0.28063	0.091293	-1.106	9.9327	-5.3886	0.15517	0.099933
5.14	0.27461	0.10545	-1.139	10.109	-5.3886	0.14762	0.099935
5.15	0.27508	0.081703	-1.1765	10.284	-5.2797	0.14007	0.099936
5.16	0.26996	0.10065	-1.2138	10.46	-5.2797	0.13252	0.099938
5.17	0.26473	0.079731	-1.2506	10.636	-5.1708	0.12498	0.09994
5.18	0.2596	0.10035	-1.2828	10.812	-5.1708	0.11743	0.099941
5.19	0.25644	0.076814	-1.3154	10.9	-5.0619	0.10988	0.099943
5.2	0.25032	0.099493	-1.3571	11.163	-5.0619	0.10233	0.099945
5.21	0.24573	0.07717	-1.3953	11.339	-4.953	0.094783	0.099947
5.22	0.24785	0.10057	-1.4358	11.515	-4.953	0.087235	0.099948
5.23	0.24386	0.078666	-1.4749	11.691	-4.8441	0.079687	0.09995
5.24	0.23956	0.10231	-1.5127	11.867	-4.8441	0.072139	0.099952
5.25	0.23596	0.08056	-1.5531	12.042	-4.7352	0.06459	0.099953
5.26	0.23832	0.1038	-1.5914	12.218	-4.7352	0.084575	0.099956
5.27	0.241	0.0852	-1.632	12.394	-4.6263	0.10456	0.099959
5.28	0.24405	0.10699	-1.6739	12.57	-4.6263	0.12454	0.099962
5.29	0.2463	0.090784	-1.7167	12.746	-4.5174	0.14453	0.099965
5.3	0.24908	0.066118	-1.756	12.921	-4.4085	0.16451	0.099968
5.31	0.25172	0.096374	-1.7972	13.097	-4.4085	0.1845	0.099972
5.32	0.2546	0.078321	-1.8435	13.273	-4.2996	0.20448	0.099975
5.33	0.25645	0.10404	-1.8849	13.449	-4.2996	0.22446	0.099978
5.34	0.25836	0.090144	-1.9229	13.625	-4.1907	0.24445	0.099981
5.35	0.26152	0.07129	-1.9717	13.8	-4.0818	0.26443	0.099984
5.36	0.26337	0.10053	-2.0146	13.976	-4.0818	0.28442	0.099987
5.37	0.26725	0.081883	-2.0579	14.064	-3.9729	0.3044	0.09999
5.38	0.26978	0.10724	-2.109	14.24	-3.9729	0.32439	0.099993
5.39	0.27341	0.093144	-2.1536	14.328	-3.864	0.34437	0.099996
5.4	0.27532	0.074167	-2.1979	14.504	-3.7551	0.36435	0.099999
5.41	0.27937	0.10334	-2.2489	14.591	-3.7551	0.38434	0.1
5.42	0.27479	0.091486	-2.2969	14.767	-3.6462	0.40432	0.1
5.43	0.27789	0.073837	-2.3462	14.855	-3.5373	0.42431	0.10001
5.44	0.28128	0.10379	-2.3933	14.943	-3.5373	0.44429	0.10001
5.45	0.2828	0.089163	-2.4475	15.119	-3.4284	0.46428	0.10001
5.46	0.2858	0.068669	-2.4974	15.207	-3.3195	0.48426	0.10002
5.47	0.29042	0.10139	-2.5485	15.207	-3.3195	0.50424	0.10002
5.48	0.28526	0.088393	-2.5999	15.383	-3.2106	0.52423	0.10002
5.49	0.28806	0.068864	-2.6555	15.47	-3.1017	0.54421	0.10003
5.5	0.29079	0.10215	-2.7063	15.558	-3.1017	0.5642	0.10003
5.51	0.29557	0.085468	-2.7618	15.558	-2.9928	0.5642	0.10004
5.52	0.29152	0.11182	-2.8158	15.646	-2.9928	0.5642	0.10004
5.53	0.29455	0.098124	-2.873	15.734	-2.8839	0.5642	0.10005
5.54	0.29728	0.079214	-2.9287	15.822	-2.775	0.5642	0.10006
5.55	0.29273	0.10825	-2.9831	15.91	-2.775	0.5642	0.10006
5.56	0.29748	0.092905	-3.0394	15.91	-2.6661	0.5642	0.10007
5.57	0.29992	0.071814	-3.0989	15.998	-2.5572	0.5642	0.10007
5.58	0.29728	0.10401	-3.1556	15.998	-2.5572	0.5642	0.10008
5.59	0.30011	0.086926	-3.2132	16.086	-2.4483	0.5642	0.10009
5.6	0.30363	0.11304	-3.2736	16.086	-2.4483	0.5642	0.10009
5.61	0.29866	0.09921	-3.3308	16.174	-2.3394	0.5642	0.1001
5.62	0.30313	0.080219	-3.393	16.174	-2.2305	0.5642	0.10011
5.63	0.30576	0.10921	-3.4553	16.262	-2.2305	0.5642	0.10011
5.64	0.30366	0.093833	-3.5177	16.262	-2.1216	0.5642	0.10012
5.65	0.30704	0.11735	-3.5793	16.262	-2.1216	0.5642	0.10013
5.66	0.30317	0.10199	-3.6449	16.349	-2.0127	0.5642	0.10013
5.67	0.30767	0.082098	-3.7084	16.349	-1.9038	0.5642	0.10014
5.68	0.30478	0.11055	-3.7707	16.349	-1.9038	0.5642	0.10015
5.69	0.30754	0.091262	-3.8368	16.437	-1.7949	0.5642	0.10015
5.7	0.3055	0.11607	-3.8973	16.437	-1.7949	0.5642	0.10016
5.71	0.30948	0.09823	-3.9655	16.437	-1.686	0.5642	0.10017
5.72	0.30687	0.12029	-4.0349	16.437	-1.686	0.5642	0.10017
5.73	0.31049	0.10407	-4.1007	16.437	-1.5771	0.5642	0.10018
5.74	0.30773	0.08367	-4.1687	16.525	-1.4682	0.5642	0.10018
5.75	0.30594	0.11182	-4.2373	16.525	-1.4682	0.5642	0.10019
5.76	0.31016	0.088046	-4.3063	16.525	-1.3593	0.5642	0.1002
5.77	0.3076	0.11408	-4.3725	16.525	-1.3593	0.5642	0.10022
5.78	0.31177	0.093235	-4.4441	16.525	-1.2504	0.5642	0.10023
5.79	0.30952	0.117	-4.5155	16.525	-1.2504	0.5642	0.10024
5.8	0.30729	0.094813	-4.586	16.525	-1.1415	0.5642	0.10026
5.81	0.31178	0.11779	-4.6601	16.525	-1.1415	0.5642	0.10027
5.82	0.30944	0.098734	-4.7331	16.613	-1.0326	0.5642	0.10028
5.83	0.30848	0.11996	-4.8045	16.613	-1.0326	0.5642	0.1003
5.84	0.31349	0.09987	-4.8791	16.613	-0.9237	0.5642	0.10031
5.85	0.31177	0.12048	-4.9524	16.613	-0.9237	0.5642	0.10032
5.86	0.31018	0.10004	-5.0284	16.613	-0.8148	0.5642	0.10034
5.87	0.3087	0.12043	-5.1049	16.613	-0.8148	0.5642	0.10035
5.88	0.31379	0.096261	-5.1825	16.613	-0.7059	0.5642	0.10036
5.89	0.3123	0.11806	-5.2575	16.613	-0.7059	0.5642	0.10038
5.9	0.31118	0.094714	-5.3377	16.613	-0.597	0.5642	0.10039
5.91	0.30951	0.117	-5.4135	16.701	-0.597	0.5642	0.1004
5.92	0.30934	0.085497	-5.4907	16.701	-0.4881	0.5642	0.10042
5.93	0.31523	0.11141	-5.5723	16.701	-0.4881	0.5642	0.10043
5.94	0.31423	0.12668	-5.6496	16.701	-0.4881	0.5642	0.10044
5.95	0.31345	0.10632	-5.7313	16.701	-0.3792	0.5642	0.10045
5.96	0.31289	0.12353	-5.8155	16.701	-0.3792	0.5642	0.10047
5.97	0.31228	0.10107	-5.898	16.701	-0.2703	0.5642	0.10048
5.98	0.31162	0.12028	-5.9784	16.701	-0.2703	0.5642	0.10049
5.99	0.31043	0.095407	-6.0618	16.789	-0.1614	0.5642	0.10051
6	0.31121	0.11679	-6.1435	16.789	-0.1614	0.5642	0.10052
6.01	0.31134	0.1292	-6.2277	16.789	-0.1614	0.5642	0.10055
6.02	0.31132	0.10708	-6.3135	16.789	-0.0525	0.5642	0.10057
6.03	0.31134	0.12317	-6.4001	16.789	-0.0525	0.5642	0.1006
6.04	0.31142	0.096385	-6.4872	16.789	0.0564	0.5642	0.10062
6.05	0.31158	0.11657	-6.5747	16.789	0.0564	0.5642	0.10064
6.06	0.31175	0.12837	-6.6623	16.877	0.0564	0.5642	0.10067
6.07	0.31285	0.10589	-6.7501	16.877	0.1653	0.5642	0.10069
6.08	0.31344	0.12177	-6.8379	16.877	0.1653	0.5642	0.10072
6.09	0.31388	0.09486	-6.9257	16.877	0.2742	0.5642	0.10074
6.1	0.31453	0.11497	-7.0172	16.877	0.2742	0.5642	0.10077
6.11	0.31367	0.12673	-7.1036	16.965	0.2742	0.5642	0.10079
6.12	0.31592	0.10098	-7.1942	16.965	0.3831	0.5642	0.10082
6.13	0.31731	0.11818	-7.288	16.965	0.3831	0.5642	0.10084
6.14	0.31828	0.083591	-7.3795	16.965	0.492	0.5642	0.10087
6.15	0.3193	0.10762	-7.4727	16.965	0.492	0.5642	0.10089
6.16	0.32045	0.12169	-7.5676	16.965	0.492	0.5642	0.10092
6.17	0.31497	0.089706	-7.6597	17.053	0.6009	0.5642	0.10094
6.18	0.31717	0.11082	-7.7565	17.053	0.6009	0.5642	0.10097
6.19	0.31891	0.12318	-7.8541	17.053	0.6009	0.5642	0.10099
6.2	0.32047	0.097782	-7.9509	17.14	0.7098	0.5642	0.10102
6.21	0.32291	0.11519	-8.048	17.14	0.7098	0.5642	0.10104
6.22	0.31812	0.12535	-8.1414	17.14	0.7098	0.5642	0.10107
6.23	0.31989	0.095059	-8.2389	17.14	0.8187	0.5642	0.10109
6.24	0.32127	0.11317	-8.3369	17.228	0.8187	0.5642	0.10112
6.25	0.31783	0.12376	-8.4379	17.228	0.8187	0.5642	0.10114
6.26	0.32011	0.093653	-8.5365	17.228	0.9276	0.5642	0.10119
6.27	0.3224	0.11185	-8.6386	17.228	0.9276	0.5642	0.10123
6.28	0.31797	0.12246	-8.7421	17.316	0.9276	0.5642	0.10127
6.29	0.32125	0.092411	-8.842	17.316	1.0365	0.5642	0.10132
6.3	0.324	0.11064	-8.945	17.316	1.0365	0.5642	0.10136
6.31	0.32019	0.12127	-9.049	17.316	1.0365	0.5642	0.10141
6.32	0.32274	0.087226	-9.1572	17.404	1.1454	0.5642	0.10145
6.33	0.32002	0.1071	-9.2611	17.404	1.1454	0.5642	0.10149
6.34	0.3231	0.1187	-9.3645	17.404	1.1454	0.5642	0.10154
6.35	0.32568	0.12541	-9.4695	17.492	1.1454	0.5642	0.10158
6.36	0.32317	0.093059	-9.5747	17.492	1.2543	0.5642	0.10163
6.37	0.32667	0.10993	-9.6836	17.492	1.2543	0.5642	0.10167
6.38	0.32347	0.11976	-9.7911	17.492	1.2543	0.5642	0.10171
6.39	0.32652	0.080793	-9.9014	17.58	1.3632	0.5642	0.10176
6.4	0.32443	0.10221	-10.01	17.58	1.3632	0.5642	0.1018
6.41	0.32829	0.11472	-10.12	17.58	1.3632	0.5642	0.10185
6.42	0.32538	0.12197	-10.229	17.58	1.3632	0.5642	0.10189
6.43	0.32867	0.08593	-10.34	17.668	1.4721	0.5642	0.10193
6.44	0.32726	0.10463	-10.457	17.668	1.4721	0.5642	0.10198
6.45	0.3252	0.11553	-10.571	17.668	1.4721	0.5642	0.10202
6.46	0.32943	0.12183	-10.686	17.668	1.4721	0.5642	0.10207
6.47	0.32619	0.089236	-10.797	17.756	1.581	0.5642	0.10211
6.48	0.32506	0.10596	-10.909	17.756	1.581	0.5642	0.10215
6.49	0.33003	0.11571	-11.03	17.756	1.581	0.5642	0.1022
6.5	0.328	0.12132	-11.144	17.756	1.581	0.5642	0.10224
6.51	0.32433	0.12454	-11.262	17.844	1.581	0.5642	0.10232
6.52	0.33114	0.096984	-11.382	17.844	1.6899	0.5642	0.10239
6.53	0.33007	0.10986	-11.5	17.844	1.6899	0.5642	0.10247
6.54	0.32871	0.11735	-11.62	17.844	1.6899	0.5642	0.10254
6.55	0.32712	0.12164	-11.737	17.844	1.6899	0.5642	0.10261
6.56	0.33233	0.079435	-11.86	17.844	1.7988	0.5642	0.10269
6.57	0.33095	0.098951	-11.981	17.844	1.7988	0.5642	0.10276
6.58	0.3293	0.11035	-12.101	17.932	1.7988	0.5642	0.10284
6.59	0.32915	0.11697	-12.223	17.932	1.7988	0.5642	0.10291
6.6	0.32837	0.12075	-12.346	17.932	1.7988	0.5642	0.10299
6.61	0.33411	0.078241	-12.472	17.932	1.9077	0.5642	0.10306
6.62	0.33335	0.097577	-12.597	17.932	1.9077	0.5642	0.10313
6.63	0.33074	0.10887	-12.722	18.02	1.9077	0.5642	0.10321
6.64	0.33246	0.11543	-12.853	18.02	1.9077	0.5642	0.10328
6.65	0.33272	0.11917	-12.981	18.02	1.9077	0.5642	0.10336
6.66	0.3327	0.12127	-13.11	18.02	1.9077	0.5642	0.10343
6.67	0.33243	0.082203	-13.236	18.02	2.0166	0.5642	0.1035
6.68	0.33226	0.099128	-13.365	18.02	2.0166	0.5642	0.10358
6.69	0.3322	0.109	-13.495	18.02	2.0166	0.5642	0.10365
6.7	0.33249	0.11471	-13.63	18.02	2.0166	0.5642	0.10373
6.71	0.33282	0.11797	-13.763	18.02	2.0166	0.5642	0.1038
6.72	0.33314	0.11977	-13.896	18.107	2.0166	0.5642	0.10388
6.73	0.33436	0.12071	-14.029	18.107	2.0166	0.5642	0.10395
6.74	0.33504	0.088567	-14.161	18.107	2.1255	0.5642	0.10402
6.75	0.33556	0.10198	-14.293	18.107	2.1255	0.5642	0.1041
6.76	0.3363	0.10989	-14.429	18.107	2.1255	0.5642	0.10422
6.77	0.33003	0.1145	-14.567	18.195	2.1255	0.5642	0.10434
6.78	0.3324	0.11714	-14.705	18.195	2.1255	0.5642	0.10446
6.79	0.33402	0.11863	-14.844	18.195	2.1255	0.5642	0.10458
6.8	0.33548	0.11944	-14.984	18.195	2.1255	0.5642	0.1047
6.81	0.33026	0.11985	-15.121	18.195	2.1255	0.5642	0.10482
6.82	0.33179	0.090676	-15.263	18.195	2.2344	0.5642	0.10493
6.83	0.33337	0.10265	-15.404	18.195	2.2344	0.5642	0.10505
6.84	0.33462	0.10965	-15.545	18.283	2.2344	0.5642	0.10517
6.85	0.33733	0.11371	-15.686	18.283	2.2344	0.5642	0.10529
6.86	0.33291	0.11603	-15.827	18.283	2.2344	0.5642	0.10541
6.87	0.33497	0.11733	-15.971	18.283	2.2344	0.5642	0.10553
6.88	0.33716	0.11803	-16.118	18.283	2.2344	0.5642	0.10565
6.89	0.33282	0.11837	-16.262	18.283	2.2344	0.5642	0.10577
6.9	0.33326	0.1185	-16.408	18.371	2.2344	0.5642	0.10589
6.91	0.33796	0.078319	-16.559	18.371	2.3433	0.5642	0.10601
6.92	0.33469	0.094636	-16.707	18.371	2.3433	0.5642	0.10613
6.93	0.33753	0.1042	-16.855	18.371	2.3433	0.5642	0.10625
6.94	0.33385	0.10977	-17.003	18.371	2.3433	0.5642	0.10637
6.95	0.33664	0.11299	-17.152	18.371	2.3433	0.5642	0.10649
6.96	0.33302	0.11482	-17.301	18.371	2.3433	0.5642	0.10661
6.97	0.33613	0.11583	-17.454	18.371	2.3433	0.5642	0.10673
6.98	0.33096	0.11636	-17.605	18.459	2.3433	0.5642	0.10685
6.99	0.33632	0.11659	-17.759	18.459	2.3433	0.5642	0.10697
7	0.33406	0.11666	-17.915	18.459	2.3433	0.5642	0.10708
7.01	0.33801	0.1168	-18.073	18.459	2.3433	0.5642	0.10727
7.02	0.335	0.11688	-18.223	18.459	2.3433	0.5642	0.10745
7.03	0.3388	0.084346	-18.379	18.459	2.4522	0.5642	0.10764
7.04	0.33627	0.097644	-18.537	18.459	2.4522	0.5642	0.10782
7.05	0.33359	0.10549	-18.692	18.459	2.4522	0.5642	0.108
7.06	0.33769	0.11013	-18.851	18.459	2.4522	0.5642	0.10819
7.07	0.33627	0.11286	-19.01	18.459	2.4522	0.5642	0.10837
7.08	0.33368	0.11447	-19.172	18.459	2.4522	0.5642	0.10856
7.09	0.33816	0.11542	-19.337	18.459	2.4522	0.5642	0.10874
7.1	0.33603	0.11598	-19.495	18.459	2.4522	0.5642	0.10892
7.11	0.33382	0.11631	-19.656	18.547	2.4522	0.5642	0.10911
7.12	0.33968	0.1165	-19.821	18.547	2.4522	0.5642	0.10929
7.13	0.33831	0.11662	-19.982	18.547	2.4522	0.5642	0.10948
7.14	0.33712	0.11668	-20.15	18.547	2.4522	0.5642	0.10966
7.15	0.33571	0.076534	-20.313	18.547	2.5611	0.5642	0.10984
7.16	0.34108	0.092939	-20.482	18.547	2.5611	0.5642	0.11003
7.17	0.33984	0.10262	-20.647	18.547	2.5611	0.5642	0.11021
7.18	0.33892	0.10834	-20.817	18.547	2.5611	0.5642	0.1104
7.19	0.33801	0.11172	-20.984	18.547	2.5611	0.5642	0.11058
7.2	0.33735	0.11371	-21.155	18.547	2.5611	0.5642	0.11076
7.21	0.33667	0.11488	-21.325	18.547	2.5611	0.5642	0.11095
7.22	0.3362	0.11557	-21.496	18.547	2.5611	0.5642	0.11113
7.23	0.33591	0.11598	-21.67	18.547	2.5611	0.5642	0.11131
7.24	0.33576	0.11621	-21.844	18.547	2.5611	0.5642	0.1115
7.25	0.33574	0.11635	-22.019	18.547	2.5611	0.5642	0.11168
7.26	0.33584	0.11664	-22.194	18.547	2.5611	0.5642	0.11195
7.27	0.33578	0.11689	-22.366	18.547	2.5611	0.5642	0.11222
7.28	0.33607	0.072492	-22.544	18.547	2.67	0.5642	0.11249
7.29	0.33664	0.090917	-22.724	18.547	2.67	0.5642	0.11276
7.3	0.33721	0.10188	-22.903	18.547	2.67	0.5642	0.11303
7.31	0.33777	0.10843	-23.08	18.547	2.67	0.5642	0.1133
7.32	0.33832	0.11239	-23.257	18.547	2.67	0.5642	0.11357
7.33	0.33267	0.1148	-23.438	18.547	2.67	0.5642	0.11384
7.34	0.33364	0.11631	-23.619	18.547	2.67	0.5642	0.11411
7.35	0.33476	0.11729	-23.802	18.547	2.67	0.5642	0.11438
7.36	0.33624	0.11794	-23.989	18.547	2.67	0.5642	0.11465
7.37	0.33135	0.11841	-24.176	18.547	2.67	0.5642	0.11492
7.38	0.33294	0.11877	-24.361	18.547	2.67	0.5642	0.11519
7.39	0.33456	0.11907	-24.546	18.547	2.67	0.5642	0.11546
7.4	0.33621	0.11933	-24.73	18.547	2.67	0.5642	0.11573
7.41	0.33816	0.074931	-24.92	18.547	2.7789	0.5642	0.116
7.42	0.33339	0.093358	-25.103	18.547	2.7789	0.5642	0.11627
7.43	0.33531	0.10432	-25.29	18.547	2.7789	0.5642	0.11654
7.44	0.33124	0.11088	-25.484	18.547	2.7789	0.5642	0.11681
7.45	0.33373	0.11483	-25.677	18.547	2.7789	0.5642	0.11708
7.46	0.33659	0.11725	-25.874	18.547	2.7789	0.5642	0.11735
7.47	0.33209	0.11876	-26.063	18.547	2.7789	0.5642	0.11762
7.48	0.3364	0.11973	-26.256	18.459	2.7789	0.5642	0.11789
7.49	0.33123	0.12039	-26.451	18.547	2.7789	0.5642	0.11816
7.5	0.33421	0.12086	-26.64	18.547	2.7789	0.5642	0.11843
7.51	0.3311	0.12144	-26.839	18.547	2.7789	0.5642	0.11881
7.52	0.33446	0.081774	-27.032	18.459	2.8878	0.5642	0.11918
7.53	0.33045	0.098638	-27.232	18.459	2.8878	0.5642	0.11956
7.54	0.33373	0.10877	-27.433	18.459	2.8878	0.5642	0.11993
7.55	0.33072	0.11492	-27.631	18.459	2.8878	0.5642	0.12031
7.56	0.33413	0.11873	-27.826	18.459	2.8878	0.5642	0.12068
7.57	0.33131	0.12115	-28.026	18.459	2.8878	0.5642	0.12106
7.58	0.33556	0.12276	-28.233	18.459	2.8878	0.5642	0.12143
7.59	0.33268	0.12388	-28.428	18.459	2.8878	0.5642	0.12181
7.6	0.33042	0.12471	-28.633	18.459	2.8878	0.5642	0.12218
7.61	0.33512	0.12538	-28.844	18.459	2.8878	0.5642	0.12256
7.62	0.33284	0.089762	-29.044	18.459	2.9967	0.5642	0.12293
7.63	0.33084	0.10502	-29.249	18.459	2.9967	0.5642	0.1233
7.64	0.32929	0.1142	-29.459	18.459	2.9967	0.5642	0.12368
7.65	0.33457	0.11979	-29.674	18.459	2.9967	0.5642	0.12405
7.66	0.33376	0.12327	-29.872	18.371	2.9967	0.5642	0.12443
7.67	0.33056	0.12549	-30.08	18.371	2.9967	0.5642	0.1248
7.68	0.32884	0.12698	-30.292	18.371	2.9967	0.5642	0.12518
7.69	0.32777	0.12803	-30.508	18.371	2.9967	0.5642	0.12555
7.7	0.32683	0.096248	-30.72	18.371	3.1056	0.5642	0.12593
7.71	0.33263	0.11016	-30.936	18.371	3.1056	0.5642	0.1263
7.72	0.33154	0.11855	-31.144	18.371	3.1056	0.5642	0.12668
7.73	0.33049	0.12368	-31.353	18.371	3.1056	0.5642	0.12705
7.74	0.32972	0.12688	-31.566	18.371	3.1056	0.5642	0.12743
7.75	0.32918	0.12894	-31.782	18.371	3.1056	0.5642	0.1278
7.76	0.32886	0.090364	-31.999	18.371	3.2145	0.5642	0.12828
7.77	0.3287	0.10796	-32.217	18.371	3.2145	0.5642	0.12877
7.78	0.32901	0.1186	-32.436	18.283	3.2145	0.5642	0.12925
7.79	0.32804	0.12515	-32.656	18.283	3.2145	0.5642	0.12973
7.8	0.32785	0.12928	-32.875	18.283	3.2145	0.5642	0.13022
7.81	0.32796	0.13198	-33.095	18.283	3.2145	0.5642	0.1307
7.82	0.3282	0.13383	-33.314	18.283	3.2145	0.5642	0.13118
7.83	0.32851	0.10584	-33.534	18.283	3.3234	0.5642	0.13167
7.84	0.3291	0.11885	-33.758	18.283	3.3234	0.5642	0.13215
7.85	0.32349	0.12679	-33.984	18.283	3.3234	0.5642	0.13263
7.86	0.3253	0.13174	-34.217	18.195	3.3234	0.5642	0.13312
7.87	0.32554	0.13492	-34.445	18.195	3.3234	0.5642	0.1336
7.88	0.32635	0.10087	-34.67	18.195	3.4323	0.5642	0.13408
7.89	0.32728	0.11715	-34.892	18.195	3.4323	0.5642	0.13456
7.9	0.32818	0.12701	-35.114	18.195	3.4323	0.5642	0.13505
7.91	0.3233	0.1331	-35.346	18.195	3.4323	0.5642	0.13553
7.92	0.32513	0.13695	-35.58	18.195	3.4323	0.5642	0.13601
7.93	0.32673	0.13949	-35.807	18.195	3.4323	0.5642	0.1365
7.94	0.32168	0.10867	-36.032	18.195	3.5412	0.5642	0.13698
7.95	0.32216	0.12324	-36.266	18.195	3.5412	0.5642	0.13746
7.96	0.32604	0.1321	-36.501	18.107	3.5412	0.5642	0.13795
7.97	0.32692	0.1376	-36.729	18.107	3.5412	0.5642	0.13843
7.98	0.32225	0.1411	-36.963	18.107	3.5412	0.5642	0.13891
7.99	0.32464	0.11085	-37.2	18.107	3.6501	0.5642	0.13939
8	0.32673	0.12576	-37.43	18.107	3.6501	0.5642	0.13988
8.01	0.32309	0.13497	-37.671	18.107	3.6501	0.5642	0.14043
8.02	0.32571	0.14074	-37.907	18.107	3.6501	0.5642	0.14099
8.03	0.32222	0.14447	-38.147	18.107	3.6501	0.5642	0.14154
8.04	0.32555	0.11765	-38.386	18.02	3.759	0.5642	0.1421
8.05	0.32084	0.13141	-38.621	18.02	3.759	0.5642	0.14265
8.06	0.32379	0.13986	-38.863	18.02	3.759	0.5642	0.14321
8.07	0.32051	0.14517	-39.105	18.02	3.759	0.5642	0.14376
8.08	0.32393	0.104	-39.347	18.02	3.8679	0.5642	0.14432
8.09	0.32088	0.12457	-39.588	18.02	3.8679	0.5642	0.14487
8.1	0.32445	0.13704	-39.83	18.02	3.8679	0.5642	0.14542
8.11	0.32151	0.14473	-40.072	18.02	3.8679	0.5642	0.14598
8.12	0.31871	0.14959	-40.314	18.02	3.8679	0.5642	0.14653
8.13	0.32295	0.12344	-40.565	18.02	3.9768	0.5642	0.14709
8.14	0.32033	0.1376	-40.807	18.02	3.9768	0.5642	0.14764
8.15	0.32447	0.14628	-41.054	18.02	3.9768	0.5642	0.1482
8.16	0.32224	0.15173	-41.302	18.02	3.9768	0.5642	0.14875
8.17	0.32002	0.11064	-41.549	18.02	4.0857	0.5642	0.14931
8.18	0.32451	0.13126	-41.798	18.02	4.0857	0.5642	0.14986
8.19	0.32277	0.14376	-42.05	18.02	4.0857	0.5642	0.15042
8.2	0.32098	0.15146	-42.3	18.02	4.0857	0.5642	0.15097
8.21	0.31912	0.12015	-42.548	18.02	4.1946	0.5642	0.15153
8.22	0.32413	0.1381	-42.802	18.02	4.1946	0.5642	0.15208
8.23	0.32283	0.14902	-43.057	18.02	4.1946	0.5642	0.15264
8.24	0.32141	0.15579	-43.309	18.02	4.1946	0.5642	0.15319
8.25	0.32009	0.12393	-43.562	18.02	4.3035	0.5642	0.15374
8.26	0.31913	0.14155	-43.819	18.02	4.3035	0.5642	0.15425
8.27	0.31819	0.15227	-44.074	18.02	4.3035	0.5642	0.15475
8.28	0.32396	0.15893	-44.333	18.02	4.3035	0.5642	0.15526
8.29	0.32329	0.11855	-44.591	18.02	4.4124	0.5642	0.15576
8.3	0.32262	0.13958	-44.848	18.02	4.4124	0.5642	0.15626
8.31	0.32216	0.15233	-45.108	18.02	4.4124	0.5642	0.15677
8.32	0.32188	0.16017	-45.369	18.02	4.4124	0.5642	0.15727
8.33	0.32029	0.12494	-45.628	18.107	4.5213	0.5642	0.15777
8.34	0.31992	0.14457	-45.889	18.107	4.5213	0.5642	0.15828
8.35	0.32134	0.15649	-46.147	18.107	4.5213	0.5642	0.15878
8.36	0.32199	0.11921	-46.411	18.107	4.6302	0.5642	0.15928
8.37	0.32234	0.14209	-46.675	18.107	4.6302	0.5642	0.15979
8.38	0.32262	0.15591	-46.939	18.107	4.6302	0.5642	0.16029
8.39	0.32292	0.1644	-47.203	18.107	4.6302	0.5642	0.1608
8.4	0.32325	0.16973	-47.467	18.107	4.6302	0.5642	0.1613
8.41	0.32385	0.14386	-47.734	18.107	4.7391	0.5642	0.1618
8.42	0.32443	0.15817	-48	18.107	4.7391	0.5642	0.16231
8.43	0.31671	0.16695	-48.265	18.195	4.7391	0.5642	0.16281
8.44	0.32049	0.12782	-48.535	18.107	4.848	0.5642	0.16331
8.45	0.32255	0.14959	-48.803	18.107	4.848	0.5642	0.16382
8.46	0.32212	0.16277	-49.078	18.195	4.848	0.5642	0.16432
8.47	0.32388	0.17088	-49.348	18.195	4.848	0.5642	0.16482
8.48	0.32537	0.1434	-49.619	18.195	4.9569	0.5642	0.16533
8.49	0.32681	0.16001	-49.89	18.195	4.9569	0.5642	0.16583
8.5	0.32186	0.17014	-50.162	18.195	4.9569	0.5642	0.16634
8.51	0.32341	0.1399	-50.434	18.195	5.0658	0.5642	0.1665
8.52	0.32525	0.15833	-50.71	18.195	5.0658	0.5642	0.16666
8.53	0.32063	0.16938	-50.984	18.195	5.0658	0.5642	0.16682
8.54	0.32269	0.17609	-51.262	18.195	5.0658	0.5642	0.16699
8.55	0.32495	0.14764	-51.541	18.195	5.1747	0.5642	0.16715
8.56	0.32067	0.16352	-51.817	18.195	5.1747	0.5642	0.16731
8.57	0.32301	0.17308	-52.095	18.195	5.1747	0.5642	0.16748
8.58	0.32551	0.13871	-52.375	18.195	5.2836	0.5642	0.16764
8.59	0.32275	0.1587	-52.656	18.195	5.2836	0.5642	0.1678
8.6	0.32289	0.17068	-52.936	18.283	5.2836	0.5642	0.16797
8.61	0.32173	0.13775	-53.217	18.195	5.3925	0.5642	0.16813
8.62	0.32379	0.15859	-53.498	18.283	5.3925	0.5642	0.16829
8.63	0.32727	0.17107	-53.779	18.283	5.3925	0.5642	0.16846
8.64	0.32395	0.13398	-54.061	18.283	5.5014	0.5642	0.16862
8.65	0.3272	0.15681	-54.345	18.283	5.5014	0.5642	0.16878
8.66	0.32395	0.17047	-54.629	18.283	5.5014	0.5642	0.16895
8.67	0.3209	0.17871	-54.915	18.283	5.5014	0.5642	0.16911
8.68	0.32447	0.15117	-55.202	18.283	5.6103	0.5642	0.16927
8.69	0.3215	0.16759	-55.488	18.283	5.6103	0.5642	0.16944
8.7	0.32539	0.17746	-55.778	18.283	5.6103	0.5642	0.1696
8.71	0.32267	0.14728	-56.065	18.283	5.7192	0.5642	0.16976
8.72	0.32653	0.16575	-56.353	18.283	5.7192	0.5642	0.16993
8.73	0.32405	0.17682	-56.643	18.283	5.7192	0.5642	0.17009
8.74	0.32163	0.14736	-56.932	18.283	5.8281	0.5642	0.17025
8.75	0.32596	0.16624	-57.225	18.283	5.8281	0.5642	0.17042
8.76	0.32388	0.17649	-57.518	18.283	5.8281	0.5642	0.16965
8.77	0.32181	0.1461	-57.809	18.283	5.937	0.5642	0.16888
8.78	0.32642	0.164	-58.103	18.283	5.937	0.5642	0.16811
8.79	0.3248	0.17431	-58.4	18.283	5.937	0.5642	0.16735
8.8	0.3231	0.18012	-58.694	18.283	5.937	0.5642	0.16658
8.81	0.32156	0.15396	-58.989	18.283	6.0459	0.5642	0.16581
8.82	0.32661	0.16751	-59.286	18.283	6.0459	0.5642	0.16504
8.83	0.32534	0.17524	-59.584	18.283	6.0459	0.5642	0.16428
8.84	0.32416	0.14336	-59.882	18.283	6.1548	0.5642	0.16351
8.85	0.32281	0.16039	-60.177	18.283	6.1548	0.5642	0.16274
8.86	0.3218	0.17017	-60.477	18.283	6.1548	0.5642	0.16197
8.87	0.32083	0.1395	-60.776	18.283	6.2637	0.5642	0.16121
8.88	0.32659	0.15724	-61.079	18.283	6.2637	0.5642	0.16044
8.89	0.3259	0.16745	-61.381	18.283	6.2637	0.5642	0.15967
8.9	0.32543	0.13303	-61.685	18.283	6.3726	0.5642	0.1589
8.91	0.3249	0.15255	-61.987	18.283	6.3726	0.5642	0.15814
8.92	0.32456	0.16381	-62.291	18.283	6.3726	0.5642	0.15737
8.93	0.32415	0.1702	-62.593	18.283	6.3726	0.5642	0.1566
8.94	0.32414	0.13752	-62.901	18.283	6.4815	0.5642	0.15583
8.95	0.32422	0.15407	-63.209	18.283	6.4815	0.5642	0.15507
8.96	0.32402	0.16358	-63.517	18.371	6.4815	0.5642	0.1543
8.97	0.32529	0.1243	-63.824	18.371	6.5904	0.5642	0.15353
8.98	0.32591	0.1454	-64.132	18.371	6.5904	0.5642	0.15277
8.99	0.32658	0.15759	-64.443	18.371	6.5904	0.5642	0.152
9	0.32693	0.16453	-64.749	18.371	6.5904	0.5642	0.15123
9.01	0.32756	0.13336	-65.06	18.371	6.6993	0.5642	0.14843
9.02	0.32172	0.14622	-65.37	18.371	6.6993	0.5642	0.14563
9.03	0.32254	0.15256	-65.681	18.371	6.6993	0.5642	0.14282
9.04	0.32353	0.15505	-65.995	18.371	6.6993	0.5642	0.14002
9.05	0.3247	0.12593	-66.31	18.371	6.8082	0.5642	0.13722
9.06	0.32575	0.13675	-66.622	18.371	6.8082	0.5642	0.13442
9.07	0.32693	0.14189	-66.936	18.371	6.8082	0.5642	0.13161
9.08	0.32297	0.14367	-67.251	18.371	6.8082	0.5642	0.12881
9.09	0.32369	0.098841	-67.574	18.459	6.9171	0.5642	0.12601
9.1	0.3261	0.11568	-67.891	18.459	6.9171	0.5642	0.12321
9.11	0.32801	0.12436	-68.207	18.459	6.9171	0.5642	0.1204
9.12	0.32333	0.083614	-68.524	18.459	7.026	0.5642	0.1176
9.13	0.32529	0.10286	-68.843	18.459	7.026	0.5642	0.1148
9.14	0.32745	0.11297	-69.165	18.459	7.026	0.5642	0.112
9.15	0.32311	0.11769	-69.485	18.459	7.026	0.5642	0.10919
9.16	0.32537	0.11922	-69.807	18.459	7.026	0.5642	0.10639
9.17	0.32758	0.11887	-70.127	18.459	7.026	0.5642	0.10359
9.18	0.32226	0.11741	-70.449	18.547	7.026	0.5642	0.10079
9.19	0.32515	0.082719	-70.776	18.547	7.1349	0.5642	0.097984
9.2	0.32947	0.093491	-71.103	18.547	7.1349	0.5642	0.095181
9.21	0.32616	0.098599	-71.426	18.547	7.1349	0.5642	0.092379
9.22	0.32903	0.10036	-71.749	18.547	7.1349	0.5642	0.089576
9.23	0.32541	0.055523	-72.073	18.547	7.2438	0.5642	0.086774
9.24	0.3285	0.072352	-72.401	18.547	7.2438	0.5642	0.083971
9.25	0.32512	0.081037	-72.728	18.547	7.2438	0.5642	0.081169
9.26	0.32847	0.088001	-73.058	18.547	7.2438	0.5642	0.082255
9.27	0.32532	0.092126	-73.386	18.547	7.2438	0.5642	0.083341
9.28	0.32883	0.094573	-73.716	18.547	7.2438	0.5642	0.084427
9.29	0.32581	0.096031	-74.044	18.547	7.2438	0.5642	0.085513
9.3	0.32942	0.096904	-74.375	18.547	7.2438	0.5642	0.086599
9.31	0.3265	0.097431	-74.704	18.547	7.2438	0.5642	0.087686
9.32	0.32397	0.097755	-75.038	18.547	7.2438	0.5642	0.088772
9.33	0.32821	0.097958	-75.376	18.547	7.2438	0.5642	0.089858
9.34	0.3258	0.098091	-75.708	18.547	7.2438	0.5642	0.090944
9.35	0.32955	0.098181	-76.042	18.635	7.2438	0.5642	0.09203
9.36	0.32806	0.098247	-76.371	18.635	7.2438	0.5642	0.093116
9.37	0.32643	0.098298	-76.71	18.635	7.2438	0.5642	0.094202
9.38	0.33101	0.09834	-77.047	18.635	7.2438	0.5642	0.095288
9.39	0.32881	0.098377	-77.379	18.635	7.2438	0.5642	0.096375
9.4	0.33308	0.098411	-77.712	18.635	7.2438	0.5642	0.097461
9.41	0.33117	0.098444	-78.05	18.635	7.2438	0.5642	0.098547
9.42	0.32921	0.098475	-78.385	18.635	7.2438	0.5642	0.099633
9.43	0.3277	0.098506	-78.727	18.635	7.2438	0.5642	0.10072
9.44	0.32609	0.098536	-79.066	18.635	7.2438	0.5642	0.10181
9.45	0.33179	0.098566	-79.407	18.635	7.2438	0.5642	0.10289
9.46	0.32971	0.098596	-79.744	18.723	7.2438	0.5642	0.10398
9.47	0.32828	0.098626	-80.085	18.723	7.2438	0.5642	0.10506
9.48	0.32767	0.098656	-80.425	18.723	7.2438	0.5642	0.10615
9.49	0.33338	0.13127	-80.771	18.723	7.1349	0.5642	0.10724
9.5	0.33231	0.11802	-81.112	18.723	7.1349	0.5642	0.10832
9.51	0.311	0.1102	-81.453	18.723	7.1349	0.54393	0.1087
9.52	0.28997	0.10558	-81.799	18.723	7.1349	0.52367	0.10907
9.53	0.26895	0.10287	-82.144	18.723	7.1349	0.50341	0.10944
9.54	0.25438	0.10127	-82.487	18.723	7.1349	0.48314	0.10982
9.55	0.23215	0.13291	-82.831	18.811	7.026	0.46288	0.11019
9.56	0.21305	0.11908	-83.178	18.723	7.026	0.44261	0.11056
9.57	0.19286	0.11093	-83.527	18.723	7.026	0.42235	0.11094
9.58	0.17152	0.10612	-83.877	18.811	7.026	0.40209	0.11131
9.59	0.15115	0.10328	-84.224	18.811	7.026	0.38182	0.11169
9.6	0.132	0.10161	-84.569	18.723	7.026	0.36156	0.11206
9.61	0.11166	0.14526	-84.916	18.723	6.9171	0.3413	0.11243
9.62	0.09044	0.12648	-85.27	18.723	6.9171	0.32103	0.11281
9.63	0.0698	0.1154	-85.618	18.723	6.9171	0.30077	0.11318
9.64	0.049509	0.10886	-85.968	18.723	6.9171	0.28051	0.11355
9.65	0.031212	0.105	-86.318	18.635	6.9171	0.26024	0.11393
9.66	0.0093976	0.14291	-86.674	18.635	6.8082	0.23998	0.1143
9.67	-0.0098068	0.12519	-87.028	18.547	6.8082	0.21971	0.11468
9.68	-0.031405	0.11473	-87.38	18.547	6.8082	0.19945	0.11505
9.69	-0.050299	0.10856	-87.736	18.459	6.8082	0.17919	0.11542
9.7	-0.076298	0.10493	-88.091	18.371	6.8082	0.15892	0.1158
9.71	-0.09707	0.10278	-88.447	18.283	6.8082	0.13866	0.11617
9.72	-0.11776	0.14171	-88.801	18.195	6.6993	0.1184	0.11655
9.73	-0.13848	0.12458	-89.161	18.107	6.6993	0.098132	0.11692
9.74	-0.15729	0.11447	-89.522	17.932	6.6993	0.077869	0.11729
9.75	-0.17909	0.10851	-89.876	17.844	6.6993	0.057605	0.11767
9.76	-0.17443	0.10498	-90.232	17.668	6.6993	0.072701	0.1177
9.77	-0.16319	0.13224	-90.593	17.492	6.5904	0.087798	0.11773
9.78	-0.15166	0.11906	-90.957	17.316	6.5904	0.10289	0.11776
9.79	-0.14087	0.11129	-91.321	17.14	6.5904	0.11799	0.11779
9.8	-0.12936	0.10669	-91.676	16.877	6.5904	0.13309	0.11782
9.81	-0.12611	0.14861	-92.033	16.701	6.4815	0.14818	0.11785
9.82	-0.12153	0.14085	-92.394	16.437	6.4815	0.16328	0.11788
9.83	-0.11082	0.12422	-92.773	16.174	6.4815	0.17838	0.11791
9.84	-0.098108	0.1144	-93.148	15.822	6.4815	0.19347	0.11794
9.85	-0.087767	0.1086	-93.522	15.558	6.4815	0.20857	0.11797
9.86	-0.077915	0.10518	-93.886	15.295	6.4815	0.22367	0.118
9.87	-0.073209	0.10315	-94.252	14.943	6.4815	0.23876	0.11803
9.88	-0.071106	0.13814	-94.619	14.679	6.3726	0.25386	0.11806
9.89	-0.060876	0.12269	-94.987	14.328	6.3726	0.26896	0.11809
9.9	-0.050186	0.11357	-95.359	13.976	6.3726	0.28405	0.11813
9.91	-0.046803	0.10818	-95.735	13.625	6.3726	0.29915	0.11816
9.92	-0.037157	0.105	-96.092	13.273	6.3726	0.31424	0.11819
9.93	-0.033167	0.10312	-96.451	12.833	6.3726	0.32934	0.11822
9.94	-0.024911	0.14219	-96.817	12.482	6.2637	0.34444	0.11825
9.95	-0.014338	0.12515	-97.184	12.042	6.2637	0.35953	0.11828
9.96	-0.011509	0.11509	-97.565	11.603	6.2637	0.37463	0.11831
9.97	-0.0029403	0.10915	-97.933	11.251	6.2637	0.38973	0.11834
9.98	0.0011382	0.10564	-98.309	10.812	6.2637	0.40482	0.11837
9.99	0.0025511	0.10357	-98.685	10.46	6.2637	0.41992	0.1184
10	0.013507	0.10235	-99.062	10.021	6.2637	0.43502	0.11843
10.01	0.010358	0.13095	-99.436	9.5811	6.1548	0.39505	0.11832
10.02	-0.0012718	0.11857	-99.804	9.2295	6.1548	0.35508	0.11821
10.03	-0.0035586	0.11126	-100.17	8.79	6.1548	0.31511	0.1181
10.04	-0.013505	0.10694	-100.54	8.3505	6.1548	0.27514	0.11799
10.05	-0.017236	0.10438	-100.91	7.9989	6.1548	0.23517	0.11788
10.06	-0.020269	0.10287	-101.29	7.5594	6.1548	0.1952	0.11777
10.07	-0.030998	0.10197	-101.65	7.2078	6.1548	0.15524	0.11766
10.08	-0.035156	0.13762	-102.02	6.8562	6.0459	0.11527	0.11755
10.09	-0.039662	0.12256	-102.38	6.5046	6.0459	0.075299	0.11744
10.1	-0.048136	0.11366	-102.75	6.0651	6.0459	0.035331	0.11733
10.11	-0.051868	0.1084	-103.11	5.7135	6.0459	-0.0046377	0.11722
10.12	-0.055265	0.10529	-103.48	5.3619	6.0459	-0.044606	0.11711
10.13	-0.065218	0.10345	-103.85	5.0103	6.0459	-0.084575	0.117
10.14	-0.070857	0.10236	-104.21	4.7466	6.0459	-0.12454	0.11689
10.15	-0.073441	0.10172	-104.58	4.395	6.0459	-0.16451	0.11678
10.16	-0.07511	0.13751	-104.95	4.0434	5.937	-0.20448	0.11667
10.17	-0.086096	0.12253	-105.31	3.7797	5.937	-0.24445	0.11656
10.18	-0.087955	0.11369	-105.68	3.4281	5.937	-0.28442	0.11645
10.19	-0.098295	0.10846	-106.04	3.1644	5.937	-0.32439	0.11634
10.2	-0.095696	0.10537	-106.4	2.9007	5.937	-0.36435	0.11623
10.21	-0.10484	0.10354	-106.77	2.637	5.937	-0.40432	0.11612
10.22	-0.10744	0.10246	-107.13	2.3733	5.937	-0.44429	0.11601
10.23	-0.10983	0.10181	-107.5	2.1096	5.937	-0.48426	0.1159
10.24	-0.11147	0.10143	-107.86	1.8459	5.937	-0.52423	0.11579
10.25	-0.12212	0.1012	-108.22	1.6701	5.937	-0.5642	0.11568
10.26	-0.12421	0.10106	-108.58	1.4064	5.937	-0.5642	0.11554
10.27	-0.12536	0.10097	-108.94	1.1427	5.937	-0.5642	0.11539
10.28	-0.12824	0.10091	-109.3	0.9669	5.937	-0.5642	0.11524
10.29	-0.131	0.10087	-109.66	0.7911	5.937	-0.5642	0.11509
10.3	-0.14035	0.14547	-110.01	0.6153	5.8281	-0.5642	0.11495
10.31	-0.14237	0.12724	-110.37	0.4395	5.8281	-0.5642	0.1148
10.32	-0.14441	0.11647	-110.73	0.2637	5.8281	-0.5642	0.11465
10.33	-0.14427	0.11011	-111.09	0	5.8281	-0.5642	0.11451
10.34	-0.14739	0.10634	-111.44	-0.0879	5.8281	-0.5642	0.11436
10.35	-0.14954	0.10412	-111.79	-0.2637	5.8281	-0.5642	0.11421
10.36	-0.1532	0.10279	-112.14	-0.3516	5.8281	-0.5642	0.11406
10.37	-0.15483	0.10201	-112.49	-0.5274	5.8281	-0.5642	0.11392
10.38	-0.15601	0.10154	-112.85	-0.7032	5.8281	-0.5642	0.11377
10.39	-0.15261	0.10126	-113.2	-0.7911	5.8281	-0.5642	0.11362
10.4	-0.15526	0.10109	-113.55	-0.879	5.8281	-0.5642	0.11347
10.41	-0.16462	0.10098	-113.9	-0.9669	5.8281	-0.5642	0.11333
10.42	-0.15939	0.10091	-114.25	-1.1427	5.8281	-0.5642	0.11318
10.43	-0.16173	0.10087	-114.6	-1.2306	5.8281	-0.5642	0.11303
10.44	-0.16409	0.10083	-114.94	-1.3185	5.8281	-0.5642	0.11289
10.45	-0.16738	0.10081	-115.28	-1.4064	5.8281	-0.5642	0.11274
10.46	-0.1702	0.10079	-115.63	-1.4943	5.8281	-0.5642	0.11259
10.47	-0.16584	0.10077	-115.97	-1.5822	5.8281	-0.5642	0.11244
10.48	-0.1687	0.10076	-116.31	-1.6701	5.8281	-0.5642	0.1123
10.49	-0.17093	0.10074	-116.65	-1.758	5.8281	-0.5642	0.11215
10.5	-0.16673	0.10073	-116.99	-1.8459	5.8281	-0.5642	0.112
10.51	-0.17157	0.10072	-117.33	-1.8459	5.8281	-0.5642	0.11186
10.52	-0.17417	0.1007	-117.67	-1.9338	5.8281	-0.5642	0.11173
10.53	-0.17008	0.10069	-118.01	-2.0217	5.8281	-0.5642	0.11159
10.54	-0.17454	0.10067	-118.34	-2.0217	5.8281	-0.5642	0.11145
10.55	-0.17741	0.10066	-118.68	-2.1096	5.8281	-0.5642	0.11131
10.56	-0.1739	0.10064	-119.02	-2.1975	5.8281	-0.5642	0.11118
10.57	-0.17839	0.10063	-119.35	-2.1975	5.8281	-0.5642	0.11104
10.58	-0.1753	0.10062	-119.68	-2.2854	5.8281	-0.5642	0.1109
10.59	-0.1787	0.068023	-120.01	-2.3733	5.937	-0.5642	0.11076
10.6	-0.17701	0.081281	-120.35	-2.3733	5.937	-0.5642	0.11063
10.61	-0.17908	0.089105	-120.67	-2.4612	5.937	-0.5642	0.11049
10.62	-0.17839	0.093719	-121	-2.4612	5.937	-0.5642	0.11035
10.63	-0.17564	0.096437	-121.33	-2.5491	5.937	-0.5642	0.11021
10.64	-0.18102	0.098037	-121.65	-2.5491	5.937	-0.5642	0.11008
10.65	-0.17865	0.098976	-121.98	-2.637	5.937	-0.5642	0.10994
10.66	-0.18388	0.099525	-122.31	-2.637	5.937	-0.5642	0.1098
10.67	-0.1812	0.099843	-122.63	-2.7249	5.937	-0.5642	0.10966
10.68	-0.18056	0.10003	-122.95	-2.7249	5.937	-0.5642	0.10953
10.69	-0.1853	0.10013	-123.27	-2.8128	5.937	-0.5642	0.10939
10.7	-0.18464	0.10018	-123.59	-2.8128	5.937	-0.5642	0.10925
10.71	-0.18215	0.10021	-123.91	-2.9007	5.937	-0.5642	0.10911
10.72	-0.18239	0.10022	-124.23	-2.9007	5.937	-0.5642	0.10897
10.73	-0.18086	0.10022	-124.55	-2.9886	5.937	-0.5642	0.10884
10.74	-0.18108	0.10021	-124.87	-2.9886	5.937	-0.5642	0.1087
10.75	-0.18525	0.1002	-125.18	-3.0765	5.937	-0.5642	0.10856
10.76	-0.18658	0.10019	-125.49	-3.0765	5.937	-0.5642	0.10845
10.77	-0.18595	0.10018	-125.81	-3.1644	5.937	-0.5642	0.10834
10.78	-0.18686	0.10017	-126.12	-3.1644	5.937	-0.5642	0.10823
10.79	-0.18695	0.10016	-126.43	-3.1644	5.937	-0.5642	0.10812
10.8	-0.18706	0.10015	-126.74	-3.2523	5.937	-0.5642	0.10801
10.81	-0.18658	0.10013	-127.05	-3.3402	5.937	-0.5642	0.1079
10.82	-0.18848	0.10012	-127.36	-3.3402	5.937	-0.5642	0.10778
10.83	-0.18942	0.10011	-127.66	-3.3402	5.937	-0.5642	0.10767
10.84	-0.18994	0.1001	-127.97	-3.4281	5.937	-0.5642	0.10756
10.85	-0.18355	0.059902	-128.27	-3.516	6.0459	-0.5642	0.10745
10.86	-0.18611	0.076276	-128.58	-3.516	6.0459	-0.5642	0.10734
10.87	-0.18724	0.085939	-128.88	-3.6039	6.0459	-0.5642	0.10723
10.88	-0.18954	0.09164	-129.18	-3.6039	6.0459	-0.5642	0.10712
10.89	-0.1893	0.095001	-129.48	-3.6918	6.0459	-0.5642	0.10701
10.9	-0.19277	0.09698	-129.78	-3.6918	6.0459	-0.5642	0.1069
10.91	-0.18807	0.098144	-130.08	-3.7797	6.0459	-0.5642	0.10679
10.92	-0.19081	0.098826	-130.38	-3.7797	6.0459	-0.5642	0.10667
10.93	-0.19116	0.099224	-130.67	-3.8676	6.0459	-0.5642	0.10656
10.94	-0.18865	0.099454	-130.97	-3.8676	6.0459	-0.5642	0.10645
10.95	-0.19063	0.099584	-131.26	-3.9555	6.0459	-0.5642	0.10634
10.96	-0.19438	0.099656	-131.55	-3.9555	6.0459	-0.5642	0.10623
10.97	-0.19057	0.099693	-131.85	-3.9555	6.0459	-0.5642	0.10612
10.98	-0.19325	0.09971	-132.14	-4.0434	6.0459	-0.5642	0.10601
10.99	-0.18887	0.099715	-132.43	-4.1313	6.0459	-0.5642	0.1059
11	-0.19355	0.099713	-132.72	-4.1313	6.0459	-0.5642	0.10579
11.01	-0.19082	0.099709	-133.01	-4.1313	6.0459	-0.5642	0.1057
11.02	-0.19402	0.099703	-133.29	-4.2192	6.0459	-0.5642	0.10562
11.03	-0.1899	0.099696	-133.58	-4.3071	6.0459	-0.5642	0.10554
11.04	-0.19582	0.099687	-133.86	-4.3071	6.0459	-0.5642	0.10546
11.05	-0.19386	0.099678	-134.14	-4.3071	6.0459	-0.5642	0.10538
11.06	-0.19053	0.099669	-134.43	-4.395	6.0459	-0.5642	0.10529
11.07	-0.19588	0.09966	-134.71	-4.395	6.0459	-0.5642	0.10521
11.08	-0.19357	0.09965	-134.99	-4.4829	6.0459	-0.5642	0.10513
11.09	-0.19244	0.099641	-135.27	-4.4829	6.0459	-0.5642	0.10505
11.1	-0.19564	0.099631	-135.55	-4.5708	6.0459	-0.5642	0.10497
11.11	-0.1957	0.099621	-135.83	-4.5708	6.0459	-0.5642	0.10488
11.12	-0.19479	0.099612	-136.1	-4.5708	6.0459	-0.5642	0.1048
11.13	-0.19259	0.099602	-136.38	-4.6587	6.0459	-0.5642	0.10472
11.14	-0.19913	0.099592	-136.65	-4.6587	6.0459	-0.5642	0.10464
11.15	-0.1978	0.099583	-136.92	-4.7466	6.0459	-0.5642	0.10455
11.16	-0.19791	0.099573	-137.19	-4.7466	6.0459	-0.5642	0.10447
11.17	-0.19544	0.099563	-137.46	-4.8345	6.0459	-0.5642	0.10439
11.18	-0.19685	0.099554	-137.73	-4.8345	6.0459	-0.5642	0.10431
11.19	-0.19704	0.099544	-138	-4.8345	6.0459	-0.5642	0.10423
11.2	-0.19596	0.099534	-138.27	-4.9224	6.0459	-0.5642	0.10414
11.21	-0.19697	0.099525	-138.54	-4.9224	6.0459	-0.5642	0.10406
11.22	-0.19744	0.099515	-138.8	-4.9224	6.0459	-0.5642	0.10398
11.23	-0.19758	0.099505	-139.06	-5.0103	6.0459	-0.5642	0.1039
11.24	-0.19905	0.099496	-139.32	-5.0103	6.0459	-0.5642	0.10381
11.25	-0.19981	0.099486	-139.58	-5.0103	6.0459	-0.5642	0.10373
11.26	-0.20059	0.09948	-139.84	-5.0982	6.0459	-0.5642	0.10368
11.27	-0.19568	0.099473	-140.1	-5.0982	6.0459	-0.5642	0.10362
11.28	-0.195	0.099467	-140.36	-5.1861	6.0459	-0.5642	0.10356
11.29	-0.19838	0.099461	-140.61	-5.1861	6.0459	-0.5642	0.1035
11.3	-0.20045	0.099454	-140.86	-5.1861	6.0459	-0.5642	0.10345
11.31	-0.19386	0.099448	-141.12	-5.274	6.0459	-0.5642	0.10339
11.32	-0.19748	0.099442	-141.37	-5.274	6.0459	-0.5642	0.10333
11.33	-0.19997	0.099435	-141.63	-5.274	6.0459	-0.5642	0.10328
11.34	-0.1958	0.099429	-141.87	-5.274	6.0459	-0.5642	0.10322
11.35	-0.19604	0.099423	-142.13	-5.3619	6.0459	-0.5642	0.10316
11.36	-0.20052	0.099417	-142.37	-5.3619	6.0459	-0.5642	0.1031
11.37	-0.19707	0.09941	-142.62	-5.3619	6.0459	-0.5642	0.10305
11.38	-0.20046	0.099404	-142.86	-5.3619	6.0459	-0.5642	0.10299
11.39	-0.19494	0.099398	-143.1	-5.4498	6.0459	-0.5642	0.10293
11.4	-0.19997	0.099391	-143.35	-5.4498	6.0459	-0.5642	0.10288
11.41	-0.19721	0.099385	-143.59	-5.4498	6.0459	-0.5642	0.10282
11.42	-0.20116	0.099379	-143.83	-5.4498	6.0459	-0.5642	0.10276
11.43	-0.19793	0.099372	-144.07	-5.4498	6.0459	-0.5642	0.1027
11.44	-0.19533	0.099366	-144.31	-5.4498	6.0459	-0.5642	0.10265
11.45	-0.19781	0.09936	-144.55	-5.5377	6.0459	-0.5642	0.10259
11.46	-0.19681	0.099353	-144.79	-5.5377	6.0459	-0.5642	0.10253
11.47	-0.19527	0.099347	-145.02	-5.5377	6.0459	-0.5642	0.10248
11.48	-0.20005	0.099341	-145.25	-5.5377	6.0459	-0.5642	0.10242
11.49	-0.19776	0.099335	-145.49	-5.5377	6.0459	-0.5642	0.10236
11.5	-0.19595	0.099328	-145.72	-5.5377	6.0459	-0.5642	0.1023
11.51	-0.19458	0.099325	-145.95	-5.5377	6.0459	-0.5642	0.10227
11.52	-0.19354	0.099322	-146.17	-5.5377	6.0459	-0.5642	0.10223
11.53	-0.19232	0.099319	-146.4	-5.5377	6.0459	-0.5642	0.10219
11.54	-0.19738	0.099316	-146.63	-5.5377	6.0459	-0.5642	0.10215
11.55	-0.19612	0.099313	-146.87	-5.5377	6.0459	-0.5642	0.10212
11.56	-0.19518	0.09931	-147.09	-5.5377	6.0459	-0.5642	0.10208
11.57	-0.1945	0.099306	-147.31	-5.5377	6.0459	-0.5642	0.10204
11.58	-0.19404	0.099303	-147.54	-5.5377	6.0459	-0.5642	0.102
11.59	-0.19375	0.0993	-147.76	-5.5377	6.0459	-0.5642	0.10196
11.6	-0.19361	0.099297	-147.98	-5.5377	6.0459	-0.5642	0.10193
11.61	-0.19358	0.099294	-148.2	-5.5377	6.0459	-0.5642	0.10189
11.62	-0.19365	0.099291	-148.42	-5.5377	6.0459	-0.5642	0.10185
11.63	-0.18759	0.13187	-148.63	-5.5377	5.937	-0.5642	0.10181
11.64	-0.18892	0.11859	-148.84	-5.5377	5.937	-0.5642	0.10177
11.65	-0.19011	0.11075	-149.05	-5.5377	5.937	-0.5642	0.10174
11.66	-0.193	0.10612	-149.26	-5.4498	5.937	-0.5642	0.1017
11.67	-0.19192	0.10339	-149.48	-5.4498	5.937	-0.5642	0.10166
11.68	-0.18593	0.10177	-149.69	-5.4498	5.937	-0.5642	0.10162
11.69	-0.18763	0.10081	-149.89	-5.4498	5.937	-0.5642	0.10159
11.7	-0.18923	0.10025	-150.1	-5.4498	5.937	-0.5642	0.10155
11.71	-0.1847	0.099912	-150.31	-5.4498	5.937	-0.5642	0.10151
11.72	-0.18704	0.099712	-150.51	-5.4498	5.937	-0.5642	0.10147
11.73	-0.18906	0.099593	-150.72	-5.4498	5.937	-0.5642	0.10143
11.74	-0.18507	0.099522	-150.92	-5.4498	5.937	-0.5642	0.1014
11.75	-0.18761	0.099478	-151.12	-5.4498	5.937	-0.5642	0.10136
11.76	-0.18361	0.099454	-151.33	-5.4498	5.937	-0.5642	0.10133
11.77	-0.18737	0.099439	-151.53	-5.3619	5.937	-0.5642	0.10131
11.78	-0.18268	0.099431	-151.73	-5.3619	5.937	-0.5642	0.10129
11.79	-0.18552	0.099425	-151.92	-5.3619	5.937	-0.5642	0.10126
11.8	-0.18219	0.099422	-152.12	-5.3619	5.937	-0.5642	0.10124
11.81	-0.18558	0.09942	-152.32	-5.3619	5.937	-0.5642	0.10122
11.82	-0.18296	0.099418	-152.51	-5.3619	5.937	-0.5642	0.10119
11.83	-0.18046	0.099417	-152.7	-5.3619	5.937	-0.5642	0.10117
11.84	-0.17801	0.099416	-152.9	-5.3619	5.937	-0.5642	0.10114
11.85	-0.18254	0.099415	-153.08	-5.3619	5.937	-0.5642	0.10112
11.86	-0.18062	0.099415	-153.27	-5.3619	5.937	-0.5642	0.1011
11.87	-0.17866	0.099414	-153.46	-5.3619	5.937	-0.5642	0.10107
11.88	-0.18334	0.099414	-153.65	-5.3619	5.937	-0.5642	0.10105
11.89	-0.18359	0.099413	-153.84	-5.274	5.937	-0.5642	0.10102
11.9	-0.17978	0.099413	-154.02	-5.3619	5.937	-0.5642	0.101
11.91	-0.17888	0.099412	-154.21	-5.274	5.937	-0.5642	0.10098
11.92	-0.17694	0.099412	-154.39	-5.274	5.937	-0.5642	0.10095
11.93	-0.17578	0.099411	-154.57	-5.274	5.937	-0.5642	0.10093
11.94	-0.17503	0.099411	-154.75	-5.274	5.937	-0.5642	0.1009
11.95	-0.17429	0.09941	-154.93	-5.274	5.937	-0.5642	0.10088
11.96	-0.18024	0.09941	-155.11	-5.274	5.937	-0.5642	0.10086
11.97	-0.17324	0.099409	-155.29	-5.274	5.937	-0.5642	0.10083
11.98	-0.17335	0.099409	-155.47	-5.274	5.937	-0.5642	0.10081
11.99	-0.17327	0.099408	-155.64	-5.274	5.937	-0.5642	0.10078
12	-0.17452	0.099408	-155.82	-5.1861	5.937	-0.5642	0.10076
12.01	-0.17352	0.099409	-155.99	-5.1861	5.937	-0.5642	0.10075
12.02	-0.17335	0.09941	-156.16	-5.1861	5.937	-0.5642	0.10073
12.03	-0.1738	0.099412	-156.34	-5.1861	5.937	-0.5642	0.10072
12.04	-0.17458	0.099413	-156.51	-5.1861	5.937	-0.5642	0.1007
12.05	-0.16888	0.099414	-156.68	-5.1861	5.937	-0.5642	0.10069
12.06	-0.17003	0.099416	-156.84	-5.1861	5.937	-0.5642	0.10067
12.07	-0.17315	0.099417	-157.01	-5.0982	5.937	-0.5642	0.10066
12.08	-0.17421	0.099418	-157.17	-5.0982	5.937	-0.5642	0.10064
12.09	-0.16752	0.099419	-157.34	-5.0982	5.937	-0.5642	0.10063
12.1	-0.16866	0.099421	-157.51	-5.0982	5.937	-0.5642	0.10062
12.11	-0.17067	0.099422	-157.67	-5.0982	5.937	-0.5642	0.1006
12.12	-0.16605	0.099423	-157.83	-5.0982	5.937	-0.5642	0.10059
12.13	-0.16835	0.099425	-157.99	-5.0982	5.937	-0.5642	0.10057
12.14	-0.17155	0.099426	-158.15	-5.0103	5.937	-0.5642	0.10056
12.15	-0.16637	0.099427	-158.31	-5.0103	5.937	-0.5642	0.10054
12.16	-0.1686	0.099429	-158.46	-5.0103	5.937	-0.5642	0.10053
12.17	-0.16472	0.09943	-158.62	-5.0103	5.937	-0.5642	0.10051
12.18	-0.16793	0.099431	-158.77	-5.0103	5.937	-0.5642	0.1005
12.19	-0.16652	0.099433	-158.93	-4.9224	5.937	-0.5642	0.10049
12.2	-0.16767	0.099434	-159.08	-4.9224	5.937	-0.5642	0.10047
12.21	-0.16395	0.099435	-159.24	-4.9224	5.937	-0.5642	0.10046
12.22	-0.16083	0.099437	-159.39	-4.9224	5.937	-0.5642	0.10044
12.23	-0.16469	0.099438	-159.53	-4.9224	5.937	-0.5642	0.10043
12.24	-0.16203	0.099439	-159.69	-4.8345	5.937	-0.5642	0.10041
12.25	-0.16529	0.09944	-159.83	-4.8345	5.937	-0.5642	0.1004
12.26	-0.16276	0.099443	-159.98	-4.8345	5.937	-0.5642	0.10039
12.27	-0.16044	0.099445	-160.13	-4.8345	5.937	-0.5642	0.10038
12.28	-0.15878	0.099447	-160.28	-4.7466	5.937	-0.5642	0.10037
12.29	-0.16241	0.09945	-160.42	-4.7466	5.937	-0.5642	0.10037
12.3	-0.16048	0.099452	-160.56	-4.7466	5.937	-0.5642	0.10036
12.31	-0.15927	0.099454	-160.7	-4.6587	5.937	-0.5642	0.10035
12.32	-0.15661	0.099457	-160.85	-4.6587	5.937	-0.5642	0.10034
12.33	-0.15505	0.13564	-160.99	-4.6587	5.8281	-0.5642	0.10033
12.34	-0.1538	0.1209	-161.13	-4.6587	5.8281	-0.5642	0.10032
12.35	-0.15941	0.11219	-161.26	-4.5708	5.8281	-0.5642	0.10032
12.36	-0.15774	0.10705	-161.4	-4.5708	5.8281	-0.5642	0.10031
12.37	-0.15688	0.10402	-161.54	-4.5708	5.8281	-0.5642	0.1003
12.38	-0.15643	0.10223	-161.67	-4.4829	5.8281	-0.5642	0.10029
12.39	-0.15509	0.10117	-161.81	-4.4829	5.8281	-0.5642	0.10028
12.4	-0.15449	0.10055	-161.94	-4.4829	5.8281	-0.5642	0.10027
12.41	-0.15521	0.10018	-162.07	-4.395	5.8281	-0.5642	0.10027
12.42	-0.15402	0.099964	-162.2	-4.395	5.8281	-0.5642	0.10026
12.43	-0.14733	0.099837	-162.33	-4.395	5.8281	-0.5642	0.10025
12.44	-0.148	0.099764	-162.46	-4.3071	5.8281	-0.5642	0.10024
12.45	-0.14738	0.099721	-162.59	-4.3071	5.8281	-0.5642	0.10023
12.46	-0.14771	0.099697	-162.72	-4.3071	5.8281	-0.5642	0.10022
12.47	-0.14885	0.099684	-162.84	-4.2192	5.8281	-0.5642	0.10022
12.48	-0.14859	0.099677	-162.97	-4.2192	5.8281	-0.5642	0.10021
12.49	-0.15129	0.099674	-163.09	-4.1313	5.8281	-0.5642	0.1002
12.5	-0.14377	0.099673	-163.22	-4.1313	5.8281	-0.5642	0.10019
12.51	-0.14428	0.099674	-163.35	-4.1313	5.8281	-0.5642	0.10019
12.52	-0.14561	0.13226	-163.47	-4.1313	5.7192	-0.5642	0.10018
12.53	-0.14811	0.11898	-163.58	-4.0434	5.7192	-0.5642	0.10018
12.54	-0.14192	0.11115	-163.71	-4.0434	5.7192	-0.5642	0.10017
12.55	-0.14357	0.10652	-163.82	-4.0434	5.7192	-0.5642	0.10017
12.56	-0.1458	0.10379	-163.94	-3.9555	5.7192	-0.5642	0.10016
12.57	-0.14048	0.10218	-164.06	-3.9555	5.7192	-0.5642	0.10016
12.58	-0.14249	0.10123	-164.18	-3.9555	5.7192	-0.5642	0.10015
12.59	-0.13845	0.10067	-164.29	-3.8676	5.7192	-0.5642	0.10015
12.6	-0.1404	0.10034	-164.4	-3.8676	5.7192	-0.5642	0.10014
12.61	-0.13836	0.10015	-164.51	-3.7797	5.7192	-0.5642	0.10014
12.62	-0.13936	0.10004	-164.62	-3.7797	5.7192	-0.5642	0.10014
12.63	-0.13533	0.099971	-164.74	-3.7797	5.7192	-0.5642	0.10013
12.64	-0.13843	0.099933	-164.84	-3.7797	5.7192	-0.5642	0.10013
12.65	-0.13701	0.099912	-164.96	-3.6918	5.7192	-0.5642	0.10012
12.66	-0.13197	0.0999	-165.06	-3.6918	5.7192	-0.5642	0.10012
12.67	-0.1349	0.099895	-165.17	-3.6918	5.7192	-0.5642	0.10011
12.68	-0.1399	0.099892	-165.28	-3.6039	5.7192	-0.5642	0.10011
12.69	-0.13558	0.099892	-165.38	-3.6039	5.7192	-0.5642	0.1001
12.7	-0.13247	0.099893	-165.49	-3.6039	5.7192	-0.5642	0.1001
12.71	-0.13724	0.099895	-165.59	-3.516	5.7192	-0.5642	0.10009
12.72	-0.13367	0.099897	-165.7	-3.516	5.7192	-0.5642	0.10009
12.73	-0.13127	0.099899	-165.8	-3.516	5.7192	-0.5642	0.10009
12.74	-0.12888	0.099902	-165.9	-3.516	5.7192	-0.5642	0.10008
12.75	-0.13428	0.099904	-166	-3.4281	5.7192	-0.5642	0.10008
12.76	-0.13142	0.099907	-166.1	-3.4281	5.7192	-0.5642	0.10007
12.77	-0.12957	0.099909	-166.2	-3.4281	5.7192	-0.5642	0.10007
12.78	-0.12811	0.099911	-166.29	-3.4281	5.7192	-0.5642	0.10007
12.79	-0.12781	0.099914	-166.39	-3.3402	5.7192	-0.5642	0.10007
12.8	-0.12553	0.099916	-166.48	-3.3402	5.7192	-0.5642	0.10007
12.81	-0.12416	0.099919	-166.58	-3.3402	5.7192	-0.5642	0.10006
12.82	-0.12978	0.099921	-166.67	-3.3402	5.7192	-0.5642	0.10006
12.83	-0.13026	0.099924	-166.76	-3.2523	5.7192	-0.5642	0.10006
12.84	-0.1279	0.099926	-166.86	-3.2523	5.7192	-0.5642	0.10006
12.85	-0.12686	0.099929	-166.95	-3.2523	5.7192	-0.5642	0.10005
12.86	-0.1261	0.099931	-167.05	-3.2523	5.7192	-0.5642	0.10005
12.87	-0.12773	0.099934	-167.13	-3.1644	5.7192	-0.5642	0.10005
12.88	-0.12564	0.099936	-167.22	-3.1644	5.7192	-0.5642	0.10005
12.89	-0.12477	0.099939	-167.31	-3.1644	5.7192	-0.5642	0.10005
12.9	-0.12472	0.099941	-167.4	-3.1644	5.7192	-0.5642	0.10004
12.91	-0.1251	0.099944	-167.48	-3.1644	5.7192	-0.5642	0.10004
12.92	-0.12535	0.099946	-167.57	-3.0765	5.7192	-0.5642	0.10004
12.93	-0.125	0.099949	-167.66	-3.0765	5.7192	-0.5642	0.10004
12.94	-0.11876	0.099951	-167.74	-3.0765	5.7192	-0.5642	0.10003
12.95	-0.11961	0.099953	-167.82	-3.0765	5.7192	-0.5642	0.10003
12.96	-0.12043	0.099956	-167.9	-3.0765	5.7192	-0.5642	0.10003
12.97	-0.12216	0.099958	-167.99	-2.9886	5.7192	-0.5642	0.10003
12.98	-0.12201	0.099961	-168.07	-2.9886	5.7192	-0.5642	0.10002
12.99	-0.11638	0.099963	-168.15	-2.9886	5.7192	-0.5642	0.10002
13	-0.11757	0.099966	-168.23	-2.9886	5.7192	-0.5642	0.10002
13.01	-0.11918	0.099968	-168.3	-2.9886	5.7192	-0.5642	0.10002
13.02	-0.12086	0.09997	-168.38	-2.9886	5.7192	-0.5642	0.10002
13.03	-0.11647	0.099972	-168.46	-2.9007	5.7192	-0.5642	0.10002
13.04	-0.11737	0.099974	-168.53	-2.9007	5.7192	-0.5642	0.10002
13.05	-0.11917	0.099976	-168.6	-2.9007	5.7192	-0.5642	0.10002
13.06	-0.11469	0.099978	-168.68	-2.9007	5.7192	-0.5642	0.10001
13.07	-0.11689	0.09998	-168.75	-2.9007	5.7192	-0.5642	0.10001
13.08	-0.11928	0.099982	-168.83	-2.9007	5.7192	-0.5642	0.10001
13.09	-0.1151	0.099984	-168.9	-2.9007	5.7192	-0.5642	0.10001
13.1	-0.11776	0.099986	-168.97	-2.9007	5.7192	-0.5642	0.10001
13.11	-0.11477	0.099988	-169.04	-2.8128	5.7192	-0.5642	0.10001
13.12	-0.11623	0.09999	-169.11	-2.8128	5.7192	-0.5642	0.10001
13.13	-0.11241	0.099992	-169.18	-2.8128	5.7192	-0.5642	0.10001
13.14	-0.11532	0.099994	-169.24	-2.8128	5.7192	-0.5642	0.10001
13.15	-0.11187	0.099996	-169.31	-2.8128	5.7192	-0.5642	0.10001
13.16	-0.11513	0.099998	-169.38	-2.8128	5.7192	-0.5642	0.1
13.17	-0.11214	0.1	-169.44	-2.8128	5.7192	-0.5642	0.1
13.18	-0.11577	0.1	-169.51	-2.8128	5.7192	-0.5642	0.1
13.19	-0.11283	0.1	-169.57	-2.8128	5.7192	-0.5642	0.1
13.2	-0.11673	0.10001	-169.63	-2.8128	5.7192	-0.5642	0.1
13.21	-0.11402	0.10001	-169.7	-2.8128	5.7192	-0.5642	0.099999
13.22	-0.11215	0.10001	-169.76	-2.7249	5.7192	-0.5642	0.099998
13.23	-0.11524	0.10001	-169.82	-2.7249	5.7192	-0.5642	0.099997
13.24	-0.11252	0.10001	-169.88	-2.7249	5.7192	-0.5642	0.099996
13.25	-0.1101	0.10002	-169.94	-2.7249	5.7192	-0.5642	0.099995
13.26	-0.11474	0.1402	-169.99	-2.7249	5.6103	-0.5642	0.099995
13.27	-0.11268	0.12382	-170.05	-2.7249	5.6103	-0.5642	0.099995
13.28	-0.11108	0.11414	-170.11	-2.7249	5.6103	-0.5642	0.099994
13.29	-0.10939	0.10843	-170.16	-2.7249	5.6103	-0.5642	0.099994
13.3	-0.10808	0.10506	-170.22	-2.7249	5.6103	-0.5642	0.099994
13.31	-0.11332	0.10307	-170.27	-2.7249	5.6103	-0.5642	0.099993
13.32	-0.1122	0.10189	-170.32	-2.7249	5.6103	-0.5642	0.099993
13.33	-0.11087	0.1012	-170.38	-2.7249	5.6103	-0.5642	0.099993
13.34	-0.10986	0.10079	-170.43	-2.7249	5.6103	-0.5642	0.099992
13.35	-0.10912	0.10055	-170.48	-2.7249	5.6103	-0.5642	0.099992
13.36	-0.10836	0.10041	-170.53	-2.7249	5.6103	-0.5642	0.099992
13.37	-0.10782	0.10032	-170.57	-2.7249	5.6103	-0.5642	0.099992
13.38	-0.10746	0.10027	-170.62	-2.7249	5.6103	-0.5642	0.099991
13.39	-0.10702	0.10025	-170.67	-2.7249	5.6103	-0.5642	0.099991
13.4	-0.10674	0.10023	-170.72	-2.7249	5.6103	-0.5642	0.099991
13.41	-0.10782	0.10022	-170.76	-2.637	5.6103	-0.5642	0.09999
13.42	-0.10817	0.10022	-170.8	-2.637	5.6103	-0.5642	0.09999
13.43	-0.10522	0.10022	-170.85	-2.7249	5.6103	-0.5642	0.09999
13.44	-0.10641	0.10021	-170.89	-2.637	5.6103	-0.5642	0.099989
13.45	-0.1063	0.10021	-170.93	-2.637	5.6103	-0.5642	0.099989
13.46	-0.10677	0.10022	-170.97	-2.637	5.6103	-0.5642	0.099989
13.47	-0.10707	0.10022	-171.02	-2.637	5.6103	-0.5642	0.099988
13.48	-0.10766	0.10022	-171.06	-2.637	5.6103	-0.5642	0.099988
13.49	-0.10847	0.10022	-171.1	-2.637	5.6103	-0.5642	0.099988
13.5	-0.10947	0.10022	-171.13	-2.637	5.6103	-0.5642	0.099987
13.51	-0.10394	0.10022	-171.17	-2.637	5.6103	-0.5642	0.099987
13.52	-0.10575	0.10022	-171.21	-2.5491	5.6103	-0.5642	0.099987
13.53	-0.10704	0.10022	-171.24	-2.5491	5.6103	-0.5642	0.099987
13.54	-0.1073	0.10022	-171.28	-2.5491	5.6103	-0.5642	0.099988
13.55	-0.102	0.10022	-171.31	-2.5491	5.6103	-0.5642	0.099988
13.56	-0.10343	0.10022	-171.35	-2.5491	5.6103	-0.5642	0.099988
13.57	-0.10521	0.10022	-171.38	-2.5491	5.6103	-0.5642	0.099988
13.58	-0.10727	0.10023	-171.41	-2.5491	5.6103	-0.5642	0.099988
13.59	-0.1026	0.10023	-171.44	-2.5491	5.6103	-0.5642	0.099988
13.6	-0.10457	0.10023	-171.48	-2.5491	5.6103	-0.5642	0.099988
13.61	-0.10701	0.10023	-171.5	-2.5491	5.6103	-0.5642	0.099988
13.62	-0.10145	0.10023	-171.53	-2.5491	5.6103	-0.5642	0.099988
13.63	-0.10482	0.13281	-171.56	-2.4612	5.5014	-0.5642	0.099988
13.64	-0.10641	0.11954	-171.59	-2.4612	5.5014	-0.5642	0.099988
13.65	-0.10199	0.1117	-171.62	-2.4612	5.5014	-0.5642	0.099988
13.66	-0.10429	0.10707	-171.65	-2.4612	5.5014	-0.5642	0.099988
13.67	-0.10058	0.10434	-171.68	-2.4612	5.5014	-0.5642	0.099988
13.68	-0.10566	0.10273	-171.7	-2.3733	5.5014	-0.5642	0.099988
13.69	-0.099434	0.10178	-171.72	-2.4612	5.5014	-0.5642	0.099988
13.7	-0.10287	0.10122	-171.75	-2.3733	5.5014	-0.5642	0.099988
13.71	-0.099086	0.10088	-171.77	-2.3733	5.5014	-0.5642	0.099988
13.72	-0.10257	0.10069	-171.79	-2.3733	5.5014	-0.5642	0.099988
13.73	-0.099408	0.10057	-171.81	-2.3733	5.5014	-0.5642	0.099988
13.74	-0.10265	0.10051	-171.84	-2.3733	5.5014	-0.5642	0.099988
13.75	-0.099678	0.10047	-171.86	-2.3733	5.5014	-0.5642	0.099988
13.76	-0.10564	0.084248	-171.87	-2.2854	5.5014	-0.5642	0.083793
13.77	-0.10062	0.06804	-171.9	-2.2854	5.5014	-0.5642	0.067599
13.78	-0.097595	0.051837	-171.91	-2.2854	5.5014	-0.5642	0.051405
13.79	-0.10173	0.035638	-171.92	-2.2854	5.5014	-0.5642	0.03521
13.8	-0.099106	0.019441	-171.95	-2.2854	5.5014	-0.5642	0.019016
13.81	-0.097123	0.0032451	-171.96	-2.1975	5.5014	-0.5642	0.0028216
13.82	-0.094722	-0.01295	-171.97	-2.1975	5.5014	-0.5642	-0.013373
13.83	-0.099212	-0.029145	-171.98	-2.1975	5.5014	-0.5642	-0.029567
13.84	-0.097149	-0.04534	-172	-2.1975	5.5014	-0.5642	-0.045761
13.85	-0.095586	-0.061534	-172.01	-2.1975	5.5014	-0.5642	-0.061956
13.86	-0.10036	-0.077728	-172.02	-2.1975	5.5014	-0.5642	-0.07815
13.87	-0.098403	-0.093923	-172.04	-2.1975	5.5014	-0.5642	-0.094344
13.88	-0.097238	-0.11012	-172.05	-2.1096	5.5014	-0.5642	-0.11054
13.89	-0.095034	-0.12631	-172.06	-2.1096	5.5014	-0.5642	-0.12673
13.9	-0.10028	-0.14251	-172.06	-2.1096	5.5014	-0.5642	-0.14293
13.91	-0.098368	-0.1587	-172.08	-2.1096	5.5014	-0.5642	-0.15912
13.92	-0.098771	-0.13027	-172.09	-2.0217	5.3925	-0.5642	-0.17532
13.93	-0.09567	-0.16467	-172.1	-2.0217	5.3925	-0.5642	-0.19151
13.94	-0.10018	-0.19161	-172.11	-2.0217	5.3925	-0.5642	-0.2077
13.95	-0.098318	-0.21415	-172.13	-2.0217	5.3925	-0.5642	-0.2239
13.96	-0.096985	-0.2341	-172.14	-2.0217	5.3925	-0.5642	-0.24009
13.97	-0.096009	-0.2525	-172.14	-2.0217	5.3925	-0.5642	-0.25629
13.98	-0.10298	-0.23743	-172.15	-1.9338	5.2836	-0.5642	-0.27248
13.99	-0.099702	-0.26766	-172.17	-1.9338	5.2836	-0.5642	-0.28868
14	-0.097892	-0.29215	-172.18	-1.9338	5.2836	-0.5642	-0.30487
14.01	-0.096783	-0.25288	-172.19	-1.9338	5.1747	-0.5642	-0.28868
14.02	-0.1023	-0.25745	-172.19	-1.8459	5.1747	-0.5642	-0.27248
14.03	-0.099859	-0.21923	-172.21	-1.8459	5.0658	-0.5642	-0.25629
14.04	-0.098364	-0.22802	-172.22	-1.8459	5.0658	-0.5642	-0.24009
14.05	-0.097363	-0.18384	-172.23	-1.8459	4.9569	-0.5642	-0.2239
14.06	-0.096675	-0.19757	-172.23	-1.8459	4.9569	-0.5642	-0.2077
14.07	-0.10133	-0.16074	-172.24	-1.8459	4.848	-0.5642	-0.19151
14.08	-0.10248	-0.17436	-172.26	-1.758	4.848	-0.5642	-0.17531
14.09	-0.099626	-0.14508	-172.27	-1.758	4.7391	-0.5642	-0.15912
14.1	-0.098253	-0.11093	-172.28	-1.758	4.6302	-0.5642	-0.14293
14.11	-0.097503	-0.13057	-172.28	-1.758	4.6302	-0.5642	-0.12673
14.12	-0.10463	-0.10485	-172.29	-1.6701	4.5213	-0.5642	-0.11054
14.13	-0.10133	-0.081242	-172.31	-1.6701	4.4124	-0.5642	-0.094341
14.14	-0.099714	-0.058486	-172.32	-1.6701	4.3035	-0.5642	-0.078147
14.15	-0.09881	-0.080416	-172.32	-1.6701	4.3035	-0.5642	-0.061952
14.16	-0.098265	-0.059281	-172.32	-1.6701	4.1946	-0.5642	-0.045758
14.17	-0.098296	-0.041985	-172.33	-1.5822	4.0857	-0.5642	-0.029563
14.18	-0.098871	-0.023716	-172.33	-1.5822	3.9768	-0.5642	-0.013368
14.19	-0.097283	-0.0045122	-172.33	-1.5822	3.8679	-0.5642	0.0028262
14.2	-0.096826	0.011643	-172.33	-1.5822	3.759	-0.5642	0.019021
14.21	-0.095605	0.029999	-172.33	-1.5822	3.6501	-0.5642	0.035215
14.22	-0.097758	0.045653	-172.33	-1.4943	3.5412	-0.5642	0.05141
14.23	-0.096613	0.059712	-172.33	-1.4943	3.4323	-0.5642	0.067605
14.24	-0.096439	0.068827	-172.33	-1.4943	3.3234	-0.5642	0.083799
14.25	-0.096604	0.083027	-172.33	-1.4943	3.2145	-0.5642	0.099994
14.26	-0.086796	0.082655	-172.33	-1.4943	3.1056	-0.55407	0.099994
14.27	-0.07709	0.083333	-172.33	-1.4064	2.9967	-0.54393	0.099994
14.28	-0.066534	0.084629	-172.33	-1.4064	2.8878	-0.5338	0.099994
14.29	-0.055468	0.086291	-172.33	-1.4064	2.7789	-0.52367	0.099994
14.3	-0.048248	0.088169	-172.33	-1.3185	2.67	-0.51354	0.099994
14.31	-0.036746	0.090174	-172.33	-1.3185	2.5611	-0.50341	0.099994
14.32	-0.020022	0.096255	-172.33	-1.3185	2.4522	-0.49327	0.099994
14.33	-0.011323	0.10074	-172.31	-1.3185	2.3433	-0.48314	0.099994
14.34	-0.0037791	0.10429	-172.3	-1.2306	2.2344	-0.47301	0.099994
14.35	0.0067412	0.10728	-172.29	-1.2306	2.1255	-0.46288	0.099994
14.36	0.022496	0.11439	-172.28	-1.2306	2.0166	-0.45275	0.099994
14.37	0.030324	0.11948	-172.27	-1.1427	1.9077	-0.44261	0.099993
14.38	0.039725	0.078757	-172.26	-1.1427	1.9077	-0.43248	0.099993
14.39	0.054591	0.084876	-172.24	-1.1427	1.7988	-0.42235	0.099993
14.4	0.061151	0.092627	-172.22	-1.0548	1.6899	-0.41222	0.099993
14.41	0.070841	0.1017	-172.21	-1.0548	1.581	-0.40209	0.099993
14.42	0.084207	0.1164	-172.19	-0.9669	1.4721	-0.39196	0.099993
14.43	0.093538	0.081352	-172.18	-0.9669	1.4721	-0.38182	0.099993
14.44	0.10788	0.090821	-172.16	-0.879	1.3632	-0.37169	0.099993
14.45	0.11623	0.10415	-172.14	-0.879	1.2543	-0.36156	0.099993
14.46	0.12415	0.11692	-172.13	-0.7911	1.1454	-0.35143	0.099993
14.47	0.13782	0.085173	-172.1	-0.7032	1.1454	-0.3413	0.099993
14.48	0.14498	0.10744	-172.08	-0.6153	1.0365	-0.33116	0.099993
14.49	0.15939	0.081297	-172.06	-0.5274	1.0365	-0.32103	0.099993
14.5	0.17342	0.096028	-172.04	-0.4395	0.9276	-0.3109	0.099993
14.51	0.1736	0.073205	-172.02	-0.4395	0.9276	-0.31845	0.097197
14.52	0.15648	0.091875	-171.99	-0.2637	0.8187	-0.326	0.094401
14.53	0.15601	0.065509	-171.97	-0.1758	0.8187	-0.33355	0.091606
14.54	0.14786	0.094136	-171.94	-0.0879	0.7098	-0.34109	0.08881
14.55	0.14481	0.070492	-171.92	0.0879	0.7098	-0.34864	0.086014
14.56	0.1443	0.056097	-171.9	0.1758	0.7098	-0.35619	0.083218
14.57	0.14095	0.08495	-171.87	0.3516	0.6009	-0.36374	0.080422
14.58	0.14059	0.063836	-171.84	0.4395	0.6009	-0.37129	0.077626
14.59	0.13831	0.050936	-171.82	0.6153	0.6009	-0.37883	0.074831
14.6	0.13215	0.035282	-171.8	0.7032	0.6009	-0.38638	0.072035
14.61	0.12407	0.065787	-171.77	0.879	0.492	-0.39393	0.069239
14.62	0.11565	0.050856	-171.74	1.0548	0.492	-0.40148	0.066443
14.63	0.11355	0.041606	-171.71	1.2306	0.492	-0.40903	0.063647
14.64	0.1124	0.03571	-171.68	1.4064	0.492	-0.41658	0.060851
14.65	0.10928	0.031794	-171.65	1.6701	0.492	-0.42412	0.058055
14.66	0.10174	0.022207	-171.63	1.8459	0.492	-0.43167	0.05526
14.67	0.10071	0.019353	-171.6	2.0217	0.492	-0.43922	0.052464
14.68	0.10006	0.013232	-171.58	2.1975	0.492	-0.44677	0.049668
14.69	0.0933	0.0083401	-171.55	2.3733	0.492	-0.45432	0.046872
14.7	0.083844	0.053647	-171.52	2.637	0.3831	-0.46187	0.044076
14.71	0.084019	0.055144	-171.49	2.8128	0.3831	-0.46941	0.04128
14.72	0.083517	0.0077238	-171.47	2.9886	0.492	-0.47696	0.038485
14.73	0.081552	0.0118	-171.44	3.2523	0.492	-0.48451	0.035689
14.74	0.075071	0.013773	-171.41	3.4281	0.492	-0.49206	0.032893
14.75	0.072427	0.014505	-171.38	3.6918	0.492	-0.49961	0.030097
14.76	0.058209	0.016052	-171.35	3.8676	0.492	-0.49961	0.030097
14.77	0.038158	0.017166	-171.32	4.0434	0.492	-0.49961	0.030097
14.78	0.015695	0.018024	-171.3	4.3071	0.492	-0.49961	0.030097
14.79	0.0019499	0.018732	-171.27	4.4829	0.492	-0.49961	0.030097
14.8	-0.011812	0.01935	-171.25	4.6587	0.492	-0.49961	0.030097
14.81	-0.025765	-0.024713	-171.22	4.8345	0.6009	-0.49961	0.030097
14.82	-0.04903	-0.0059717	-171.19	5.0982	0.6009	-0.49961	0.030097
14.83	-0.063896	0.0052952	-171.16	5.274	0.6009	-0.49961	0.030097
14.84	-0.078274	0.012149	-171.13	5.4498	0.6009	-0.49961	0.030097
14.85	-0.099421	0.016396	-171.11	5.6256	0.6009	-0.49961	0.030097
14.86	-0.119	0.019105	-171.09	5.7135	0.6009	-0.49961	0.030097
14.87	-0.13453	-0.008434	-171.06	5.8893	0.7098	-0.49961	0.030097
14.88	-0.15012	0.0047747	-171.04	6.0651	0.7098	-0.49961	0.030097
14.89	-0.17067	0.012775	-171.01	6.153	0.7098	-0.49961	0.030097
14.9	-0.19117	0.0177	-170.99	6.2409	0.7098	-0.49961	0.030097
14.91	-0.20773	0.020808	-170.96	6.4167	0.7098	-0.49961	0.030097
14.92	-0.22357	-0.013337	-170.94	6.5046	0.8187	-0.49961	0.030097
14.93	-0.2388	0.0028129	-170.91	6.5925	0.8187	-0.49961	0.030097
14.94	-0.25944	0.01255	-170.89	6.5925	0.8187	-0.49961	0.030097
14.95	-0.28199	0.0185	-170.87	6.6804	0.8187	-0.49961	0.030097
14.96	-0.30431	0.022214	-170.84	6.6804	0.8187	-0.49961	0.030097
14.97	-0.3221	-0.0047312	-170.83	6.7683	0.9276	-0.49961	0.030097
14.98	-0.3352	0.0088281	-170.81	6.6804	0.9276	-0.49961	0.030097
14.99	-0.3594	0.017035	-170.78	6.6804	0.9276	-0.49961	0.030097
15	-0.3828	0.022082	-170.76	6.6804	0.9276	-0.49961	0.030097
15.01	-0.35959	0.038859	-170.74	6.5925	0.9276	-0.47962	0.028893
15.02	-0.33657	0.0036433	-170.72	6.5046	1.0365	-0.45964	0.027689
15.03	-0.31986	0.011626	-170.7	6.4167	1.0365	-0.43965	0.026485
15.04	-0.29718	0.015846	-170.68	6.3288	1.0365	-0.41967	0.025281
15.05	-0.28092	-0.026783	-170.66	6.153	1.1454	-0.39969	0.024078
15.06	-0.26512	-0.0078891	-170.64	5.9772	1.1454	-0.3797	0.022874
15.07	-0.24564	0.0027746	-170.62	5.8893	1.1454	-0.35972	0.02167
15.08	-0.22225	0.0085784	-170.59	5.6256	1.1454	-0.33973	0.020466
15.09	-0.20751	0.011512	-170.58	5.4498	1.1454	-0.31975	0.019262
15.1	-0.19211	-0.027431	-170.56	5.1861	1.2543	-0.29976	0.018058
15.11	-0.17898	-0.010806	-170.54	5.0103	1.2543	-0.27978	0.016854
15.12	-0.15778	-0.0014822	-170.52	4.7466	1.2543	-0.2598	0.01565
15.13	-0.13717	0.0035304	-170.5	4.4829	1.2543	-0.23981	0.014447
15.14	-0.12367	0.0059972	-170.48	4.2192	1.2543	-0.21983	0.013243
15.15	-0.10923	-0.02922	-170.46	3.8676	1.3632	-0.19984	0.012039
15.16	-0.089938	-0.014397	-170.44	3.6039	1.3632	-0.17986	0.010835
15.17	-0.077088	-0.0061372	-170.42	3.3402	1.3632	-0.15987	0.009631
15.18	-0.055886	-0.0017528	-170.41	2.9886	1.3632	-0.13989	0.0084272
15.19	-0.044968	0.00034315	-170.39	2.7249	1.3632	-0.11991	0.0072233
15.2	-0.030911	0.0010878	-170.37	2.3733	1.3632	-0.099921	0.0060194
15.21	-0.010711	0.0010345	-170.35	2.0217	1.3632	-0.079937	0.0048155
15.22	0.0013047	-0.028829	-170.33	1.758	1.4721	-0.059953	0.0036116
15.23	0.021202	-0.017687	-170.31	1.4064	1.4721	-0.039969	0.0024078
15.24	0.032823	-0.0116	-170.29	1.1427	1.4721	-0.019984	0.0012039
15.25	0.053374	-0.0084989	-170.28	0.7911	1.4721	0	0
15.26	0.044979	-0.0059569	-170.25	0.5274	1.4721	0	0
15.27	0.04622	-0.0044559	-170.24	0.1758	1.4721	0	0
15.28	0.038388	-0.0035695	-170.21	-0.0879	1.4721	0	0
15.29	0.032375	-0.0030461	-170.2	-0.4395	1.4721	0	0
15.3	0.031114	-0.0027371	-170.18	-0.7032	1.4721	0	0
15.31	0.024821	-0.0025546	-170.16	-0.9669	1.4721	0	0
15.32	0.022665	-0.0024468	-170.13	-1.1427	1.4721	0	0
15.33	0.016492	-0.0023832	-170.11	-1.4064	1.4721	0	0
15.34	0.017388	-0.0023456	-170.09	-1.6701	1.4721	0	0
15.35	0.016643	-0.0023234	-170.07	-1.8459	1.4721	0	0
15.36	0.0097693	-0.0023103	-170.04	-2.0217	1.4721	0	0
15.37	0.0032961	-0.0023026	-170.02	-2.1975	1.4721	0	0
15.38	0.0058663	-0.002298	-170	-2.4612	1.4721	0	0
15.39	0.0063628	-0.0022953	-169.98	-2.637	1.4721	0	0
15.4	-0.00075577	-0.0022937	-169.95	-2.7249	1.4721	0	0
15.41	-0.0010908	-0.0022928	-169.92	-2.8128	1.4721	0	0
15.42	-0.0051152	-0.0022922	-169.9	-2.9886	1.4721	0	0
15.43	-0.0037975	-0.0022919	-169.88	-3.0765	1.4721	0	0
15.44	-0.0025934	-0.0022917	-169.86	-3.1644	1.4721	0	0
15.45	-0.0068373	-0.0022916	-169.82	-3.2523	1.4721	0	0
15.46	-0.0070497	-0.0022915	-169.79	-3.2523	1.4721	0	0
15.47	-0.0046523	-0.0022915	-169.77	-3.3402	1.4721	0	0
15.48	-0.01035	-0.0022915	-169.73	-3.3402	1.4721	0	0
15.49	-0.0080268	-0.0022915	-169.71	-3.3402	1.4721	0	0
15.5	-0.01206	-0.0022915	-169.69	-3.3402	1.4721	0	0
15.51	-0.0097702	-0.0022915	-169.65	-3.3402	1.4721	0	0
15.52	-0.0074028	0.027048	-169.63	-3.3402	1.3632	0	0
15.53	-0.0053099	0.015102	-169.6	-3.2523	1.3632	0	0
15.54	-0.0087049	0.0080489	-169.56	-3.2523	1.3632	0	0
15.55	-0.0072301	0.0038838	-169.53	-3.1644	1.3632	0	0
15.56	-0.0041731	0.0014244	-169.5	-3.0765	1.3632	0	0
15.57	-0.0011366	-2.7858e-05	-169.46	-2.9886	1.3632	0	0
15.58	-0.0046052	-0.0008854	-169.43	-2.9007	1.3632	0	0
15.59	-0.0039311	-0.0013918	-169.4	-2.7249	1.3632	0	0
15.6	0.00030821	-0.0016908	-169.36	-2.637	1.3632	0	0
15.61	0.0025793	-0.0018673	-169.33	-2.4612	1.3632	0	0
15.62	0.0071618	-0.0019716	-169.3	-2.3733	1.3632	0	0
15.63	0.0093946	-0.0020332	-169.26	-2.1975	1.3632	0	0
15.64	0.0069705	-0.0020695	-169.22	-2.1096	1.3632	0	0
15.65	0.010091	0.027248	-169.19	-1.9338	1.2543	0	0
15.66	0.013126	0.01529	-169.15	-1.758	1.2543	0	0
15.67	0.016318	0.0082292	-169.11	-1.5822	1.2543	0	0
15.68	0.019089	0.0040597	-169.07	-1.4064	1.2543	0	0
15.69	0.02297	0.0015977	-169.03	-1.2306	1.2543	0	0
15.7	0.027443	0.00014388	-168.99	-1.0548	1.2543	0	0
15.71	0.029267	-0.00071458	-168.96	-0.7911	1.2543	0	0
15.72	0.034631	-0.0012215	-168.91	-0.7032	1.2543	0	0
15.73	0.029264	-0.0015208	-168.87	-0.4395	1.2543	0	0
15.74	0.033613	-0.0016976	-168.83	-0.2637	1.2543	0	0
15.75	0.037339	-0.0018019	-168.79	-0.0879	1.2543	0	0
15.76	0.039141	0.027476	-168.75	0.1758	1.1454	0	0
15.77	0.042678	0.015494	-168.71	0.3516	1.1454	0	0
15.78	0.046771	0.0084189	-168.67	0.5274	1.1454	0	0
15.79	0.050001	0.0042411	-168.62	0.7032	1.1454	0	0
15.8	0.051865	0.0017742	-168.58	0.9669	1.1454	0	0
15.81	0.056121	0.00031755	-168.54	1.1427	1.1454	0	0
15.82	0.059293	-0.00054261	-168.49	1.3185	1.1454	0	0
15.83	0.062878	-0.0010505	-168.45	1.4943	1.1454	0	0
15.84	0.064341	-0.0013504	-168.41	1.758	1.1454	0	0
15.85	0.067765	-0.0015275	-168.36	1.9338	1.1454	0	0
15.86	0.071013	-0.0016321	-168.32	2.1096	1.1454	0	0
15.87	0.074273	-0.0016939	-168.27	2.2854	1.1454	0	0
15.88	0.075211	-0.0017303	-168.23	2.5491	1.1454	0	0
15.89	0.078056	0.034429	-168.19	2.7249	1.0365	0	0
15.9	0.08166	0.01967	-168.14	2.9007	1.0365	0	0
15.91	0.084293	0.010954	-168.1	3.0765	1.0365	0	0
15.92	0.086715	0.0058075	-168.05	3.2523	1.0365	0	0
15.93	0.089083	0.0027686	-168	3.4281	1.0365	0	0
15.94	0.0979	0.00097411	-167.96	3.6039	1.0365	0	0
15.95	0.093604	-8.5501e-05	-167.91	3.7797	1.0365	0	0
15.96	0.095423	-0.00071119	-167.87	3.9555	1.0365	0	0
15.97	0.10372	-0.0010807	-167.83	4.1313	1.0365	0	0
15.98	0.10757	-0.0012988	-167.78	4.2192	1.0365	0	0
15.99	0.10952	-0.0014276	-167.73	4.395	1.0365	0	0
16	0.11037	-0.0015037	-167.69	4.5708	1.0365	0	0
16.01	0.11323	-0.0015486	-167.64	4.6587	1.0365	0	0
16.02	0.11457	-0.0015752	-167.6	4.8345	1.0365	0	0
16.03	0.11548	-0.0015908	-167.55	5.0103	1.0365	0	0
16.04	0.11825	-0.0016001	-167.5	5.0982	1.0365	0	0
16.05	0.12077	-0.0016055	-167.46	5.1861	1.0365	0	0
16.06	0.12143	-0.0016088	-167.42	5.3619	1.0365	0	0
16.07	0.12351	-0.0016107	-167.37	5.4498	1.0365	0	0
16.08	0.12396	-0.0016118	-167.32	5.6256	1.0365	0	0
16.09	0.12614	-0.0016124	-167.28	5.7135	1.0365	0	0
16.1	0.12756	-0.0016128	-167.23	5.8014	1.0365	0	0
16.11	0.12987	-0.0016131	-167.19	5.8893	1.0365	0	0
16.12	0.13125	-0.0016132	-167.14	5.9772	1.0365	0	0
16.13	0.13093	-0.0016133	-167.1	6.153	1.0365	0	0
16.14	0.13427	-0.0016133	-167.05	6.153	1.0365	0	0
16.15	0.13371	-0.0016134	-167.01	6.3288	1.0365	0	0
16.16	0.13504	-0.0016134	-166.97	6.4167	1.0365	0	0
16.17	0.13808	-0.0016134	-166.92	6.4167	1.0365	0	0
16.18	0.13804	-0.0016134	-166.88	6.5925	1.0365	0	0
16.19	0.13895	-0.0016134	-166.84	6.6804	1.0365	0	0
16.2	0.14187	-0.0016134	-166.79	6.6804	1.0365	0	0
16.21	0.1427	-0.0016134	-166.75	6.7683	1.0365	0	0
16.22	0.14352	-0.0016134	-166.71	6.8562	1.0365	0	0
16.23	0.14508	-0.0016134	-166.67	6.9441	1.0365	0	0
16.24	0.14636	-0.0016134	-166.63	7.032	1.0365	0	0
16.25	0.1467	-0.0016134	-166.59	7.1199	1.0365	0	0
16.26	0.14938	-0.0016134	-166.54	7.1199	1.0365	0	0
16.27	0.15018	-0.0016134	-166.5	7.2078	1.0365	0	0
16.28	0.15102	-0.0016134	-166.46	7.2957	1.0365	0	0
16.29	0.15298	-0.0016134	-166.41	7.2957	1.0365	0	0
16.3	0.14724	-0.0016134	-166.37	7.3836	1.0365	0	0
16.31	0.1479	-0.0016134	-166.33	7.4715	1.0365	0	0
16.32	0.14825	-0.0016134	-166.29	7.5594	1.0365	0	0
16.33	0.15128	-0.0016134	-166.25	7.5594	1.0365	0	0
16.34	0.15216	-0.0016134	-166.21	7.6473	1.0365	0	0
16.35	0.15221	-0.0016134	-166.17	7.7352	1.0365	0	0
16.36	0.15539	-0.0016134	-166.13	7.7352	1.0365	0	0
16.37	0.15644	-0.0016134	-166.09	7.8231	1.0365	0	0
16.38	0.15727	-0.0016134	-166.05	7.911	1.0365	0	0
16.39	0.1535	-0.0016134	-166.01	7.911	1.0365	0	0
16.4	0.15486	-0.0016134	-165.97	7.9989	1.0365	0	0
16.41	0.15531	-0.0016134	-165.93	8.0868	1.0365	0	0
16.42	0.15802	-0.0016134	-165.89	8.0868	1.0365	0	0
16.43	0.15947	-0.0016134	-165.86	8.1747	1.0365	0	0
16.44	0.16072	-0.0016134	-165.82	8.2626	1.0365	0	0
16.45	0.15512	-0.0016134	-165.79	8.3505	1.0365	0	0
16.46	0.16522	-0.0016134	-165.75	8.3505	1.0365	0	0
16.47	0.15993	-0.0016134	-165.71	8.4384	1.0365	0	0
16.48	0.1608	-0.0016134	-165.67	8.5263	1.0365	0	0
16.49	0.16397	-0.0016134	-165.63	8.5263	1.0365	0	0
16.5	0.166	-0.0016134	-165.6	8.6142	1.0365	0	0
16.51	0.16103	-0.0016134	-165.57	8.7021	1.0365	0	0
16.52	0.16202	-0.0016134	-165.53	8.79	1.0365	0	0
16.53	0.1658	-0.0016134	-165.49	8.79	1.0365	0	0
16.54	0.16806	0.038569	-165.46	8.8779	0.9276	0	0
16.55	0.17028	0.022183	-165.43	8.9658	0.9276	0	0
16.56	0.1657	0.012508	-165.39	9.0537	0.9276	0	0
16.57	0.16707	0.0067945	-165.36	9.1416	0.9276	0	0
16.58	0.16951	0.0034208	-165.33	9.2295	0.9276	0	0
16.59	0.16757	0.0014286	-165.3	9.2295	0.9276	0	0
16.6	0.16971	0.00025232	-165.26	9.3174	0.9276	0	0
16.61	0.17206	-0.0004423	-165.23	9.4053	0.9276	0	0
16.62	0.17451	-0.00085246	-165.2	9.4932	0.9276	0	0
16.63	0.17184	-0.0010947	-165.17	9.4932	0.9276	0	0
16.64	0.17427	-0.0012377	-165.14	9.5811	0.9276	0	0
16.65	0.17676	-0.0013221	-165.11	9.669	0.9276	0	0
16.66	0.17191	-0.001372	-165.08	9.7569	0.9276	0	0
16.67	0.17663	-0.0014014	-165.05	9.7569	0.9276	0	0
16.68	0.17938	0.034763	-165.03	9.8448	0.8187	0	0
16.69	0.17487	0.020005	-164.99	9.9327	0.8187	0	0
16.7	0.17913	0.011291	-164.96	9.9327	0.8187	0	0
16.71	0.17378	0.0061453	-164.94	10.109	0.8187	0	0
16.72	0.17898	0.0031069	-164.91	10.109	0.8187	0	0
16.73	0.18208	0.0013127	-164.88	10.196	0.8187	0	0
16.74	0.17803	0.00025327	-164.85	10.284	0.8187	0	0
16.75	0.1824	-0.00037232	-164.82	10.284	0.8187	0	0
16.76	0.1785	-0.00074172	-164.8	10.372	0.8187	0	0
16.77	0.18116	-0.00095985	-164.77	10.46	0.8187	0	0
16.78	0.17973	-0.0010887	-164.75	10.46	0.8187	0	0
16.79	0.18142	-0.0011647	-164.73	10.548	0.8187	0	0
16.8	0.18027	-0.0012096	-164.71	10.548	0.8187	0	0
16.81	0.18337	-0.0012361	-164.68	10.636	0.8187	0	0
16.82	0.17955	0.038931	-164.66	10.724	0.7098	0	0
16.83	0.18484	0.022536	-164.64	10.724	0.7098	0	0
16.84	0.18124	0.012855	-164.62	10.812	0.7098	0	0
16.85	0.18649	0.0071381	-164.6	10.812	0.7098	0	0
16.86	0.18317	0.0037625	-164.58	10.9	0.7098	0	0
16.87	0.18802	0.0017693	-164.56	10.9	0.7098	0	0
16.88	0.18525	0.0005923	-164.54	10.988	0.7098	0	0
16.89	0.18362	-0.00010271	-164.52	10.988	0.7098	0	0
16.9	0.18748	-0.0005131	-164.5	11.075	0.7098	0	0
16.91	0.18563	-0.00075543	-164.49	11.075	0.7098	0	0
16.92	0.18976	-0.00089853	-164.48	11.163	0.7098	0	0
16.93	0.18787	-0.00098303	-164.45	11.163	0.7098	0	0
16.94	0.18577	-0.0010329	-164.44	11.163	0.7098	0	0
16.95	0.18997	-0.0010624	-164.43	11.251	0.7098	0	0
16.96	0.18823	-0.0010798	-164.41	11.251	0.7098	0	0
16.97	0.18624	-0.0010901	-164.39	11.339	0.7098	0	0
16.98	0.1853	-0.0010961	-164.38	11.339	0.7098	0	0
16.99	0.18958	-0.0010997	-164.36	11.339	0.7098	0	0
17	0.18738	-0.0011018	-164.35	11.427	0.7098	0	0
17.01	0.18641	-0.0011031	-164.34	11.427	0.7098	0	0
17.02	0.18336	-0.0011038	-164.34	11.515	0.7098	0	0
17.03	0.18425	0.043524	-164.33	11.515	0.6009	0	0
17.04	0.18945	0.025318	-164.32	11.515	0.6009	0	0
17.05	0.18787	0.014567	-164.3	11.515	0.6009	0	0
17.06	0.18463	0.0082185	-164.3	11.603	0.6009	0	0
17.07	0.18548	0.0044699	-164.29	11.603	0.6009	0	0
17.08	0.18516	0.0022564	-164.29	11.603	0.6009	0	0
17.09	0.19054	0.00094935	-164.28	11.603	0.6009	0	0
17.1	0.18704	0.00017754	-164.26	11.691	0.6009	0	0
17.11	0.18768	-0.0002782	-164.25	11.691	0.6009	0	0
17.12	0.18719	-0.00054731	-164.25	11.691	0.6009	0	0
17.13	0.18646	-0.00070622	-164.25	11.691	0.6009	0	0
17.14	0.18576	-0.00080005	-164.24	11.691	0.6009	0	0
17.15	0.1848	-0.00085546	-164.24	11.779	0.6009	0	0
17.16	0.18533	-0.00088818	-164.24	11.779	0.6009	0	0
17.17	0.18525	-0.00090749	-164.24	11.779	0.6009	0	0
17.18	0.18502	-0.0009189	-164.24	11.779	0.6009	0	0
17.19	0.18403	-0.00092564	-164.24	11.867	0.6009	0	0
17.2	0.18512	-0.00092962	-164.24	11.867	0.6009	0	0
17.21	0.18536	-0.00093197	-164.24	11.867	0.6009	0	0
17.22	0.18535	-0.00093335	-164.24	11.867	0.6009	0	0
17.23	0.18527	0.043694	-164.24	11.867	0.492	0	0
17.24	0.18588	0.025487	-164.24	11.867	0.492	0	0
17.25	0.18529	0.014736	-164.24	11.954	0.492	0	0
17.26	0.1859	0.0083881	-164.24	11.954	0.492	0	0
17.27	0.18607	0.0046395	-164.24	11.954	0.492	0	0
17.28	0.18059	0.002426	-164.26	11.954	0.492	0	0
17.29	0.18083	0.0011189	-164.27	12.042	0.492	0	0
17.3	0.18292	0.00034707	-164.28	12.042	0.492	0	0
17.31	0.184	-0.00010868	-164.28	12.042	0.492	0	0
17.32	0.18466	-0.00037779	-164.28	12.042	0.492	0	0
17.33	0.18514	-0.0005367	-164.28	12.042	0.492	0	0
17.34	0.18	-0.00063054	-164.3	12.042	0.492	0	0
17.35	0.18128	-0.00068594	-164.31	12.042	0.492	0	0
17.36	0.18197	-0.00071866	-164.32	12.13	0.492	0	0
17.37	0.18387	-0.00073798	-164.32	12.13	0.492	0	0
17.38	0.17871	-0.00074939	-164.33	12.13	0.492	0	0
17.39	0.18051	-0.00075613	-164.35	12.13	0.492	0	0
17.4	0.18071	-0.0007601	-164.36	12.218	0.492	0	0
17.41	0.17555	-0.00076245	-164.36	12.218	0.492	0	0
17.42	0.17917	-0.00076384	-164.39	12.218	0.492	0	0
17.43	0.18138	-0.00076466	-164.4	12.218	0.492	0	0
17.44	0.17674	-0.00076514	-164.41	12.218	0.492	0	0
17.45	0.17905	-0.00076543	-164.43	12.218	0.492	0	0
17.46	0.18092	0.035416	-164.44	12.218	0.3831	0	0
17.47	0.17624	0.020668	-164.45	12.218	0.3831	0	0
17.48	0.1786	0.01196	-164.48	12.218	0.3831	0	0
17.49	0.17979	0.0068182	-164.49	12.306	0.3831	0	0
17.5	0.17632	0.0037819	-164.5	12.306	0.3831	0	0
17.51	0.17937	0.001989	-164.52	12.306	0.3831	0	0
17.52	0.17532	0.00093027	-164.54	12.306	0.3831	0	0
17.53	0.17809	0.00030511	-164.56	12.306	0.3831	0	0
17.54	0.18033	-6.4037e-05	-164.57	12.306	0.3831	0	0
17.55	0.17664	-0.00028202	-164.6	12.306	0.3831	0	0
17.56	0.17265	-0.00041073	-164.61	12.306	0.3831	0	0
17.57	0.17584	-0.00048673	-164.64	12.306	0.3831	0	0
17.58	0.17661	-0.00053161	-164.66	12.394	0.3831	0	0
17.59	0.17527	-0.00055811	-164.68	12.394	0.3831	0	0
17.6	0.17221	-0.00057376	-164.7	12.394	0.3831	0	0
17.61	0.17583	-0.000583	-164.73	12.394	0.3831	0	0
17.62	0.17248	-0.00058846	-164.75	12.394	0.3831	0	0
17.63	0.1759	0.031988	-164.77	12.394	0.2742	0	0
17.64	0.17295	0.018714	-164.8	12.394	0.2742	0	0
17.65	0.17626	0.010876	-164.82	12.394	0.2742	0	0
17.66	0.17345	0.0062472	-164.85	12.394	0.2742	0	0
17.67	0.17045	0.0035141	-164.88	12.394	0.2742	0	0
17.68	0.17235	0.0019003	-164.9	12.482	0.2742	0	0
17.69	0.17294	0.00094731	-164.93	12.394	0.2742	0	0
17.7	0.17515	0.00038459	-164.96	12.482	0.2742	0	0
17.71	0.17326	5.2311e-05	-164.98	12.482	0.2742	0	0
17.72	0.17065	-0.0001439	-165.01	12.482	0.2742	0	0
17.73	0.17459	-0.00025975	-165.04	12.482	0.2742	0	0
17.74	0.17226	-0.00032817	-165.07	12.482	0.2742	0	0
17.75	0.16988	-0.00036857	-165.1	12.482	0.2742	0	0
17.76	0.16743	-0.00039242	-165.12	12.482	0.2742	0	0
17.77	0.17186	-0.0004065	-165.16	12.482	0.2742	0	0
17.78	0.16976	-0.00041482	-165.19	12.482	0.2742	0	0
17.79	0.1678	-0.00041973	-165.22	12.482	0.2742	0	0
17.8	0.16594	-0.00042263	-165.26	12.482	0.2742	0	0
17.81	0.17061	-0.00042435	-165.29	12.482	0.2742	0	0
17.82	0.16892	-0.00042536	-165.33	12.482	0.2742	0	0
17.83	0.16731	-0.00042595	-165.36	12.482	0.2742	0	0
17.84	0.16551	-0.00042631	-165.39	12.482	0.2742	0	0
17.85	0.16377	-0.00042652	-165.43	12.482	0.2742	0	0
17.86	0.16233	-0.00042664	-165.46	12.482	0.2742	0	0
17.87	0.1676	-0.00042671	-165.5	12.482	0.2742	0	0
17.88	0.16641	-0.00042675	-165.54	12.482	0.2742	0	0
17.89	0.1652	-0.00042678	-165.58	12.482	0.2742	0	0
17.9	0.16519	0.028912	-165.62	12.394	0.1653	0	0
17.91	0.16254	0.016967	-165.65	12.394	0.1653	0	0
17.92	0.16092	0.0099135	-165.69	12.394	0.1653	0	0
17.93	0.15959	0.0057485	-165.73	12.394	0.1653	0	0
17.94	0.16503	0.003289	-165.77	12.394	0.1653	0	0
17.95	0.15755	0.0018368	-165.81	12.394	0.1653	0	0
17.96	0.16337	0.00097923	-165.85	12.394	0.1653	0	0
17.97	0.16264	0.00047286	-165.89	12.394	0.1653	0	0
17.98	0.1618	0.00017385	-165.93	12.394	0.1653	0	0
17.99	0.16146	-2.7122e-06	-165.97	12.306	0.1653	0	0
18	0.16007	-0.00010697	-166.01	12.306	0.1653	0	0
18.01	0.1592	-0.00016853	-166.06	12.306	0.1653	0	0
18.02	0.15864	-0.00020489	-166.1	12.306	0.1653	0	0
18.03	0.15968	-0.00022635	-166.15	12.218	0.1653	0	0
18.04	0.15939	-0.00023903	-166.19	12.218	0.1653	0	0
18.05	0.15106	-0.00024651	-166.23	12.218	0.1653	0	0
18.06	0.15716	-0.00025093	-166.28	12.218	0.1653	0	0
18.07	0.15688	-0.00025354	-166.32	12.218	0.1653	0	0
18.08	0.15028	-0.00025508	-166.37	12.218	0.1653	0	0
18.09	0.15112	-0.00025599	-166.42	12.13	0.1653	0	0
18.1	0.15016	-0.00025653	-166.47	12.13	0.1653	0	0
18.11	0.14999	-0.00025685	-166.51	12.13	0.1653	0	0
18.12	0.15006	-0.00025703	-166.56	12.13	0.1653	0	0
18.13	0.151	-0.00025714	-166.61	12.042	0.1653	0	0
18.14	0.15045	-0.00025721	-166.66	12.042	0.1653	0	0
18.15	0.15073	-0.00025725	-166.71	12.042	0.1653	0	0
18.16	0.15111	-0.00025727	-166.76	12.042	0.1653	0	0
18.17	0.14537	-0.00025728	-166.8	11.954	0.1653	0	0
18.18	0.1451	-0.00025729	-166.86	11.954	0.1653	0	0
18.19	0.14562	-0.0002573	-166.91	11.954	0.1653	0	0
18.2	0.14656	-0.0002573	-166.96	11.867	0.1653	0	0
18.21	0.14649	-0.0002573	-167.01	11.867	0.1653	0	0
18.22	0.14051	-0.0002573	-167.06	11.867	0.1653	0	0
18.23	0.14187	-0.0002573	-167.12	11.779	0.1653	0	0
18.24	0.14194	-0.0002573	-167.17	11.779	0.1653	0	0
18.25	0.14275	-0.0002573	-167.23	11.779	0.1653	0	0
18.26	0.13716	-0.0002573	-167.28	11.691	0.1653	0	0
18.27	0.13748	-0.0002573	-167.33	11.691	0.1653	0	0
18.28	0.13865	-0.0002573	-167.39	11.691	0.1653	0	0
18.29	0.14002	-0.0002573	-167.44	11.603	0.1653	0	0
18.3	0.13407	-0.0002573	-167.5	11.603	0.1653	0	0
18.31	0.13682	-0.0002573	-167.56	11.515	0.1653	0	0
18.32	0.13658	-0.0002573	-167.61	11.515	0.1653	0	0
18.33	0.13121	-0.0002573	-167.67	11.515	0.1653	0	0
18.34	0.13405	-0.0002573	-167.73	11.427	0.1653	0	0
18.35	0.13407	-0.0002573	-167.78	11.427	0.1653	0	0
18.36	0.12868	-0.0002573	-167.84	11.427	0.1653	0	0
18.37	0.13124	-0.0002573	-167.9	11.339	0.1653	0	0
18.38	0.13174	-0.0002573	-167.96	11.339	0.1653	0	0
18.39	0.12681	0.039925	-168.02	11.339	0.0564	0	0
18.4	0.12902	0.02354	-168.08	11.251	0.0564	0	0
18.41	0.13024	0.013864	-168.14	11.251	0.0564	0	0
18.42	0.12666	0.0081506	-168.2	11.163	0.0564	0	0
18.43	0.12722	0.0047769	-168.26	11.163	0.0564	0	0
18.44	0.12228	0.0027847	-168.32	11.163	0.0564	0	0
18.45	0.12522	0.0016084	-168.38	11.075	0.0564	0	0
18.46	0.12627	0.0009138	-168.44	11.075	0.0564	0	0
18.47	0.12181	0.00050364	-168.51	11.075	0.0564	0	0
18.48	0.12445	0.00026144	-168.57	10.988	0.0564	0	0
18.49	0.11935	0.00011843	-168.63	10.988	0.0564	0	0
18.5	0.12203	3.3979e-05	-168.69	10.9	0.0564	0	0
18.51	0.11706	-1.5887e-05	-168.76	10.9	0.0564	0	0
18.52	0.12137	-4.5333e-05	-168.82	10.812	0.0564	0	0
18.53	0.11532	-6.272e-05	-168.89	10.812	0.0564	0	0
18.54	0.11738	-7.2987e-05	-168.95	10.812	0.0564	0	0
18.55	0.1211	-7.905e-05	-169.01	10.724	0.0564	0	0
18.56	0.11564	-8.2629e-05	-169.08	10.724	0.0564	0	0
18.57	0.11273	-0.032665	-169.14	10.636	0.1653	0	0
18.58	0.1142	-0.019394	-169.21	10.636	0.1653	0	0
18.59	0.11005	-0.011557	-169.28	10.636	0.1653	0	0
18.6	0.11326	-0.0069297	-169.34	10.548	0.1653	0	0
18.61	0.10888	-0.0041973	-169.41	10.548	0.1653	0	0
18.62	0.11365	-0.0025838	-169.48	10.46	0.1653	0	0
18.63	0.10843	-0.0016311	-169.55	10.46	0.1653	0	0
18.64	0.11118	-0.0010685	-169.62	10.46	0.1653	0	0
18.65	0.10814	-0.00073632	-169.69	10.372	0.1653	0	0
18.66	0.10393	-0.00054016	-169.75	10.372	0.1653	0	0
18.67	0.10846	-0.00042433	-169.83	10.284	0.1653	0	0
18.68	0.10348	-0.00035593	-169.89	10.284	0.1653	0	0
18.69	0.10646	-0.00031554	-169.96	10.284	0.1653	0	0
18.7	0.10347	-0.00029169	-170.03	10.196	0.1653	0	0
18.71	0.099746	-0.00027761	-170.1	10.196	0.1653	0	0
18.72	0.10456	-0.00026929	-170.18	10.109	0.1653	0	0
18.73	0.10003	-0.00026438	-170.25	10.109	0.1653	0	0
18.74	0.098497	-0.00026148	-170.31	10.021	0.1653	0	0
18.75	0.10018	-0.00025977	-170.39	10.021	0.1653	0	0
18.76	0.096894	-0.00025876	-170.46	10.021	0.1653	0	0
18.77	0.10087	-0.00025816	-170.53	9.9327	0.1653	0	0
18.78	0.097147	-0.00025781	-170.6	9.9327	0.1653	0	0
18.79	0.094151	-0.0002576	-170.67	9.9327	0.1653	0	0
18.8	0.098125	-0.00025748	-170.75	9.8448	0.1653	0	0
18.81	0.096635	-0.00025741	-170.82	9.7569	0.1653	0	0
18.82	0.091817	-0.00025737	-170.89	9.7569	0.1653	0	0
18.83	0.095208	-0.00025734	-170.97	9.7569	0.1653	0	0
18.84	0.093339	-0.00025733	-171.04	9.669	0.1653	0	0
18.85	0.089777	-0.00025732	-171.12	9.669	0.1653	0	0
18.86	0.087391	-0.00025731	-171.19	9.5811	0.1653	0	0
18.87	0.090516	-0.00025731	-171.26	9.5811	0.1653	0	0
18.88	0.089745	-0.00025731	-171.34	9.4932	0.1653	0	0
18.89	0.085502	-0.00025731	-171.41	9.4932	0.1653	0	0
18.9	0.091118	-0.0002573	-171.49	9.4053	0.1653	0	0
18.91	0.086771	-0.0002573	-171.56	9.4053	0.1653	0	0
18.92	0.083825	-0.0002573	-171.64	9.4053	0.1653	0	0
18.93	0.088024	-0.0002573	-171.71	9.3174	0.1653	0	0
18.94	0.086778	-0.0002573	-171.79	9.2295	0.1653	0	0
18.95	0.082653	-0.0002573	-171.87	9.2295	0.1653	0	0
18.96	0.079923	-0.0002573	-171.94	9.2295	0.1653	0	0
18.97	0.084309	-0.0002573	-172.02	9.1416	0.1653	0	0
18.98	0.08322	-0.0002573	-172.09	9.0537	0.1653	0	0
18.99	0.079002	-0.0002573	-172.17	9.0537	0.1653	0	0
19	0.076186	-0.0002573	-172.24	9.0537	0.1653	0	0
19.01	0.081042	-0.0002573	-172.32	8.9658	0.1653	0	0
19.02	0.079878	-0.0002573	-172.4	8.8779	0.1653	0	0
19.03	0.0757	-0.0002573	-172.48	8.8779	0.1653	0	0
19.04	0.07441	-0.0002573	-172.55	8.79	0.1653	0	0
19.05	0.077309	-0.0002573	-172.63	8.79	0.1653	0	0
19.06	0.074844	-0.0002573	-172.71	8.79	0.1653	0	0
19.07	0.073153	-0.0002573	-172.79	8.7021	0.1653	0	0
19.08	0.071727	-0.0002573	-172.86	8.6142	0.1653	0	0
19.09	0.068115	-0.0002573	-172.94	8.6142	0.1653	0	0
19.1	0.073275	-0.0002573	-173.02	8.5263	0.1653	0	0
19.11	0.070137	-0.0002573	-173.1	8.5263	0.1653	0	0
19.12	0.069892	-0.0002573	-173.18	8.4384	0.1653	0	0
19.13	0.06613	-0.0002573	-173.26	8.4384	0.1653	0	0
19.14	0.071783	-0.0002573	-173.34	8.3505	0.1653	0	0
19.15	0.068382	-0.0002573	-173.42	8.3505	0.1653	0	0
19.16	0.066989	-0.0002573	-173.49	8.2626	0.1653	0	0
19.17	0.064217	-0.0002573	-173.58	8.2626	0.1653	0	0
19.18	0.062929	-0.0002573	-173.65	8.1747	0.1653	0	0
19.19	0.059952	-0.0002573	-173.73	8.1747	0.1653	0	0
19.2	0.065405	-0.0002573	-173.81	8.0868	0.1653	0	0
19.21	0.062434	-0.04044	-173.89	8.0868	0.2742	0	0
19.22	0.061437	-0.024054	-173.97	7.9989	0.2742	0	0
19.23	0.058448	-0.014379	-174.05	7.9989	0.2742	0	0
19.24	0.057437	-0.0086652	-174.13	7.911	0.2742	0	0
19.25	0.061133	-0.0052915	-174.21	7.911	0.2742	0	0
19.26	0.059399	-0.0032994	-174.29	7.8231	0.2742	0	0
19.27	0.057079	-0.002123	-174.37	7.8231	0.2742	0	0
19.28	0.056385	-0.0014284	-174.45	7.7352	0.2742	0	0
19.29	0.053821	-0.0010182	-174.54	7.7352	0.2742	0	0
19.3	0.052185	-0.00077605	-174.62	7.6473	0.2742	0	0
19.31	0.05823	-0.00063303	-174.69	7.5594	0.2742	0	0
19.32	0.054609	-0.00054859	-174.77	7.5594	0.2742	0	0
19.33	0.053762	-0.00049872	-174.85	7.4715	0.2742	0	0
19.34	0.050795	-0.00046927	-174.94	7.4715	0.2742	0	0
19.35	0.050872	-0.00045189	-175.02	7.3836	0.2742	0	0
19.36	0.047432	-0.00044162	-175.1	7.3836	0.2742	0	0
19.37	0.046916	-0.00043556	-175.18	7.2957	0.2742	0	0
19.38	0.050421	-0.00043198	-175.26	7.2957	0.2742	0	0
19.39	0.049186	-0.00042986	-175.34	7.2078	0.2742	0	0
19.4	0.046543	-0.00042862	-175.42	7.2078	0.2742	0	0
19.41	0.046095	-0.00042788	-175.5	7.1199	0.2742	0	0
19.42	0.043066	-0.00042744	-175.58	7.1199	0.2742	0	0
19.43	0.043271	-0.00042719	-175.67	7.032	0.2742	0	0
19.44	0.03994	-0.00042703	-175.75	7.032	0.2742	0	0
19.45	0.046565	-0.00042694	-175.83	6.9441	0.2742	0	0
19.46	0.043054	-0.00042689	-175.91	6.9441	0.2742	0	0
19.47	0.043101	-0.00042686	-175.99	6.8562	0.2742	0	0
19.48	0.039477	-0.00042684	-176.07	6.8562	0.2742	0	0
19.49	0.037602	-0.00042683	-176.15	6.8562	0.2742	0	0
19.5	0.036225	-0.00042682	-176.23	6.7683	0.2742	0	0
19.51	0.040777	-0.00042682	-176.32	6.7683	0.2742	0	0
19.52	0.039478	-0.00042682	-176.4	6.6804	0.2742	0	0
19.53	0.037425	-0.00042682	-176.48	6.6804	0.2742	0	0
19.54	0.03692	-0.00042682	-176.56	6.5925	0.2742	0	0
19.55	0.034502	-0.00042682	-176.64	6.5925	0.2742	0	0
19.56	0.033059	-0.00042682	-176.72	6.5046	0.2742	0	0
19.57	0.0372	-0.00042682	-176.8	6.5046	0.2742	0	0
19.58	0.037483	-0.00042682	-176.88	6.4167	0.2742	0	0
19.59	0.034112	-0.00042682	-176.96	6.4167	0.2742	0	0
19.6	0.033615	-0.00042682	-177.05	6.3288	0.2742	0	0
19.61	0.03068	-0.00042682	-177.13	6.3288	0.2742	0	0
19.62	0.028914	-0.00042682	-177.21	6.3288	0.2742	0	0
19.63	0.034321	-0.00042682	-177.29	6.2409	0.2742	0	0
19.64	0.031992	-0.00042682	-177.37	6.2409	0.2742	0	0
19.65	0.030719	-0.00042682	-177.45	6.153	0.2742	0	0
19.66	0.028499	-0.00042682	-177.53	6.153	0.2742	0	0
19.67	0.027979	-0.00042682	-177.61	6.0651	0.2742	0	0
19.68	0.025087	-0.00042682	-177.69	6.0651	0.2742	0	0
19.69	0.031607	-0.00042682	-177.77	5.9772	0.2742	0	0
19.7	0.028175	-0.00042682	-177.85	5.9772	0.2742	0	0
19.71	0.02802	-0.00042682	-177.93	5.8893	0.2742	0	0
19.72	0.024697	-0.00042682	-178.01	5.8893	0.2742	0	0
19.73	0.022592	-0.00042682	-178.09	5.8893	0.2742	0	0
19.74	0.021335	-0.00042682	-178.17	5.8014	0.2742	0	0
19.75	0.025523	-0.00042682	-178.25	5.8014	0.2742	0	0
19.76	0.024337	-0.00042682	-178.33	5.7135	0.2742	0	0
19.77	0.02195	-0.00042682	-178.41	5.7135	0.2742	0	0
19.78	0.021897	-0.00042682	-178.49	5.6256	0.2742	0	0
19.79	0.018487	-0.00042682	-178.57	5.6256	0.2742	0	0
19.8	0.024178	-0.00042682	-178.65	5.5377	0.2742	0	0
19.81	0.021034	-0.00042682	-178.73	5.5377	0.2742	0	0
19.82	0.019106	-0.029766	-178.81	5.5377	0.3831	0	0
19.83	0.018295	-0.017821	-178.89	5.4498	0.3831	0	0
19.84	0.015573	-0.010767	-178.97	5.4498	0.3831	0	0
19.85	0.014116	-0.0066021	-179.05	5.3619	0.3831	0	0
19.86	0.018242	-0.0041427	-179.13	5.3619	0.3831	0	0
19.87	0.018269	-0.0026904	-179.21	5.274	0.3831	0	0
19.88	0.014706	-0.0018329	-179.29	5.274	0.3831	0	0
19.89	0.012574	-0.0013265	-179.36	5.274	0.3831	0	0
19.9	0.012379	-0.0010275	-179.45	5.1861	0.3831	0	0
19.91	0.015902	-0.00085092	-179.53	5.1861	0.3831	0	0
19.92	0.013858	-0.00074666	-179.6	5.1861	0.3831	0	0
19.93	0.013178	-0.0006851	-179.69	5.0982	0.3831	0	0
19.94	0.010305	-0.00064875	-179.76	5.0982	0.3831	0	0
19.95	0.010195	-0.00062728	-179.84	5.0103	0.3831	0	0
19.96	0.013224	-0.0006146	-179.92	5.0103	0.3831	0	0
19.97	0.011252	-0.00060712	-180	5.0103	0.3831	0	0
19.98	0.0094988	-0.0006027	-180.08	5.0103	0.3831	0	0
19.99	0.0079512	-0.00060009	-180.16	4.9224	0.3831	0	0
20	0.012048	0.028741	-180.23	4.9224	0.2742	0	0
20.01	0.012133	0.016796	-180.31	4.8345	0.2742	0	0
20.02	0.0085453	0.0097432	-180.39	4.8345	0.2742	0	0
20.03	0.0061526	0.0055785	-180.47	4.8345	0.2742	0	0
20.04	0.010732	0.0031193	-180.54	4.8345	0.2742	0	0
20.05	0.0088781	0.0016671	-180.62	4.7466	0.2742	0	0
20.06	0.0065026	0.00080962	-180.7	4.7466	0.2742	0	0
20.07	0.0047041	0.00030329	-180.78	4.7466	0.2742	0	0
20.08	0.0031231	4.3038e-06	-180.86	4.7466	0.2742	0	0
20.09	0.0081195	-0.00017224	-180.94	4.6587	0.2742	0	0
20.1	0.0055912	-0.00027649	-181.01	4.6587	0.2742	0	0
20.11	0.0036877	-0.00033805	-181.09	4.6587	0.2742	0	0
20.12	0.0021147	-0.0003744	-181.16	4.5708	0.2742	0	0
20.13	0.0059693	-0.00039587	-181.24	4.5708	0.2742	0	0
20.14	0.0038874	-0.00040854	-181.32	4.5708	0.2742	0	0
20.15	0.0022139	-0.00041602	-181.39	4.4829	0.2742	0	0
20.16	0.0057658	-0.00042044	-181.47	4.4829	0.2742	0	0
20.17	0.0036814	-0.00042305	-181.55	4.4829	0.2742	0	0
20.18	0.0016605	-0.00042459	-181.62	4.4829	0.2742	0	0
20.19	0.0069851	-0.0004255	-181.7	4.395	0.2742	0	0
20.2	0.0037012	-0.00042604	-181.77	4.395	0.2742	0	0
20.21	0.001392	-0.00042636	-181.85	4.395	0.2742	0	0
20.22	-4.1509e-05	-0.00042655	-181.92	4.3071	0.2742	0	0
20.23	0.0031436	-0.00042666	-182	4.3071	0.2742	0	0
20.24	0.00064926	-0.00042672	-182.07	4.3071	0.2742	0	0
20.25	-0.0016741	-0.00042676	-182.14	4.3071	0.2742	0	0
20.26	0.0034361	-0.00042678	-182.22	4.2192	0.2742	0	0
20.27	-2.7741e-05	-0.0004268	-182.29	4.2192	0.2742	0	0
20.28	-0.0027155	-0.0004268	-182.36	4.2192	0.2742	0	0
20.29	0.0027204	-0.00042681	-182.44	4.1313	0.2742	0	0
20.3	-0.001151	-0.00042681	-182.51	4.1313	0.2742	0	0
20.31	-0.0039977	-0.00042681	-182.58	4.1313	0.2742	0	0
20.32	0.00037115	-0.00042681	-182.66	4.1313	0.2742	0	0
20.33	-0.0016014	-0.00042681	-182.73	4.0434	0.2742	0	0
20.34	-0.005017	-0.00042682	-182.8	4.0434	0.2742	0	0
20.35	-0.0010954	-0.00042682	-182.88	4.0434	0.2742	0	0
20.36	-0.0022499	-0.00042682	-182.95	3.9555	0.2742	0	0
20.37	-0.0062655	-0.00042682	-183.02	3.9555	0.2742	0	0
20.38	-0.0025388	-0.00042682	-183.1	3.9555	0.2742	0	0
20.39	-0.0049826	-0.00042682	-183.17	3.9555	0.2742	0	0
20.4	-0.0061662	-0.00042682	-183.24	3.8676	0.2742	0	0
20.41	-0.0035371	-0.00042682	-183.32	3.8676	0.2742	0	0
20.42	-0.0065911	-0.00042682	-183.38	3.8676	0.2742	0	0
20.43	-0.00262	-0.00042682	-183.46	3.8676	0.2742	0	0
20.44	-0.0052293	-0.00042682	-183.53	3.7797	0.2742	0	0
20.45	-0.0087055	-0.00042682	-183.6	3.7797	0.2742	0	0
20.46	-0.0049353	-0.00042682	-183.67	3.7797	0.2742	0	0
20.47	-0.0074738	-0.00042682	-183.74	3.7797	0.2742	0	0
20.48	-0.0030396	-0.00042682	-183.81	3.6918	0.2742	0	0
20.49	-0.0070658	-0.00042682	-183.88	3.6918	0.2742	0	0
20.5	-0.010216	-0.00042682	-183.95	3.6918	0.2742	0	0
20.51	-0.0066279	-0.00042682	-184.02	3.6918	0.2742	0	0
20.52	-0.0093929	-0.00042682	-184.09	3.6918	0.2742	0	0
20.53	-0.0056587	-0.00042682	-184.16	3.6918	0.2742	0	0
20.54	-0.008356	-0.00042682	-184.23	3.6918	0.2742	0	0
20.55	-0.0033784	-0.00042682	-184.3	3.6039	0.2742	0	0
20.56	-0.0079257	-0.00042682	-184.37	3.6039	0.2742	0	0
20.57	-0.011348	-0.00042682	-184.43	3.6039	0.2742	0	0
20.58	-0.0076894	-0.00042682	-184.51	3.6039	0.2742	0	0
20.59	-0.010845	-0.00042682	-184.57	3.6039	0.2742	0	0
20.6	-0.0072017	-0.00042682	-184.64	3.6039	0.2742	0	0
20.61	-0.010223	-0.00042682	-184.71	3.6039	0.2742	0	0
20.62	-0.0067181	-0.00042682	-184.78	3.6039	0.2742	0	0
20.63	-0.0096096	-0.00042682	-184.84	3.6039	0.2742	0	0
20.64	-0.006252	-0.00042682	-184.91	3.6039	0.2742	0	0
20.65	-0.0092651	-0.00042682	-184.98	3.6039	0.2742	0	0
20.66	-0.0060076	-0.00042682	-185.04	3.6039	0.2742	0	0
20.67	-0.0091027	-0.00042682	-185.11	3.6039	0.2742	0	0
20.68	-0.0049363	-0.00042682	-185.18	3.516	0.2742	0	0
20.69	-0.0094275	-0.00042682	-185.25	3.516	0.2742	0	0
20.7	-0.0065096	-0.00042682	-185.31	3.516	0.2742	0	0
20.71	-0.0099057	-0.00042682	-185.38	3.516	0.2742	0	0
20.72	-0.0066608	-0.00042682	-185.45	3.516	0.2742	0	0
20.73	-0.0099758	-0.00042682	-185.51	3.516	0.2742	0	0
20.74	-0.0067256	-0.00042682	-185.58	3.516	0.2742	0	0
20.75	-0.010056	-0.00042682	-185.64	3.516	0.2742	0	0
20.76	-0.0068253	-0.00042682	-185.71	3.516	0.2742	0	0
20.77	-0.010174	-0.00042682	-185.77	3.516	0.2742	0	0
20.78	-0.0071906	-0.00042682	-185.84	3.516	0.2742	0	0
20.79	-0.010761	-0.00042682	-185.9	3.516	0.2742	0	0
20.8	-0.0077093	-0.00042682	-185.97	3.516	0.2742	0	0
20.81	-0.0099963	-0.00042682	-186.03	3.4281	0.2742	0	0
20.82	-0.0085215	-0.00042682	-186.1	3.4281	0.2742	0	0
20.83	-0.012752	-0.00042682	-186.16	3.4281	0.2742	0	0
20.84	-0.0099973	-0.00042682	-186.22	3.4281	0.2742	0	0
20.85	-0.007197	-0.00042682	-186.29	3.4281	0.2742	0	0
20.86	-0.01087	-0.00042682	-186.35	3.4281	0.2742	0	0
20.87	-0.0081432	-0.00042682	-186.41	3.4281	0.2742	0	0
20.88	-0.01192	-0.00042682	-186.47	3.4281	0.2742	0	0
20.89	-0.0090358	-0.00042682	-186.54	3.4281	0.2742	0	0
20.9	-0.012166	-0.00042682	-186.6	3.3402	0.2742	0	0
20.91	-0.010679	-0.00042682	-186.66	3.3402	0.2742	0	0
20.92	-0.0083642	-0.00042682	-186.73	3.3402	0.2742	0	0
20.93	-0.012505	-0.00042682	-186.78	3.3402	0.2742	0	0
20.94	-0.0098503	-0.00042682	-186.85	3.3402	0.2742	0	0
20.95	-0.01389	-0.00042682	-186.91	3.3402	0.2742	0	0
20.96	-0.011232	-0.00042682	-186.97	3.3402	0.2742	0	0
20.97	-0.0073677	-0.00042682	-187.03	3.2523	0.2742	0	0
20.98	-0.012825	-0.00042682	-187.1	3.2523	0.2742	0	0
20.99	-0.010769	-0.00042682	-187.16	3.2523	0.2742	0	0
21	-0.0086077	-0.00042682	-187.22	3.2523	0.2742	0	0
21.01	-0.012746	-0.00042682	-187.28	3.2523	0.2742	0	0
21.02	-0.010381	-0.00042682	-187.34	3.2523	0.2742	0	0
21.03	-0.014448	-0.00042682	-187.4	3.2523	0.2742	0	0
21.04	-0.012039	-0.00042682	-187.46	3.2523	0.2742	0	0
21.05	-0.0098392	-0.00042682	-187.52	3.2523	0.2742	0	0
21.06	-0.012824	-0.00042682	-187.57	3.1644	0.2742	0	0
21.07	-0.012161	-0.00042682	-187.63	3.1644	0.2742	0	0
21.08	-0.010593	-0.00042682	-187.69	3.1644	0.2742	0	0
21.09	-0.01506	-0.00042682	-187.75	3.1644	0.2742	0	0
21.1	-0.012897	-0.00042682	-187.81	3.1644	0.2742	0	0
21.11	-0.010871	-0.00042682	-187.87	3.1644	0.2742	0	0
21.12	-0.015214	-0.00042682	-187.93	3.1644	0.2742	0	0
21.13	-0.013032	-0.00042682	-187.99	3.1644	0.2742	0	0
21.14	-0.011018	-0.00042682	-188.04	3.1644	0.2742	0	0
21.15	-0.0091498	-0.00042682	-188.1	3.1644	0.2742	0	0
21.16	-0.013122	-0.00042682	-188.15	3.0765	0.2742	0	0
21.17	-0.012547	-0.00042682	-188.21	3.0765	0.2742	0	0
21.18	-0.010978	-0.00042682	-188.27	3.0765	0.2742	0	0
21.19	-0.015728	0.044202	-188.33	3.0765	0.1653	0	0
21.2	-0.013814	0.025995	-188.38	3.0765	0.1653	0	0
21.21	-0.011996	0.015245	-188.44	3.0765	0.1653	0	0
21.22	-0.010282	0.0088964	-188.5	3.0765	0.1653	0	0
21.23	-0.015121	0.0051479	-188.55	3.0765	0.1653	0	0
21.24	-0.013346	0.0029344	-188.61	3.0765	0.1653	0	0
21.25	-0.011666	0.0016274	-188.66	3.0765	0.1653	0	0
21.26	-0.0099466	0.00085558	-188.71	2.9886	0.1653	0	0
21.27	-0.0094297	0.00039984	-188.77	2.9886	0.1653	0	0
21.28	-0.014712	0.00013073	-188.82	2.9886	0.1653	0	0
21.29	-0.013385	-2.8172e-05	-188.88	2.9886	0.1653	0	0
21.3	-0.012016	-0.000122	-188.93	2.9886	0.1653	0	0
21.31	-0.010658	-0.00017741	-188.98	2.9886	0.1653	0	0
21.32	-0.016008	-0.00021013	-189.03	2.9886	0.1653	0	0
21.33	-0.012848	-0.00022945	-189.08	2.9007	0.1653	0	0
21.34	-0.013909	-0.00024085	-189.14	2.9886	0.1653	0	0
21.35	-0.012414	-0.00024759	-189.19	2.9007	0.1653	0	0
21.36	-0.012017	-0.00025157	-189.24	2.9007	0.1653	0	0
21.37	-0.011125	-0.00025392	-189.29	2.9007	0.1653	0	0
21.38	-0.010294	-0.0002553	-189.34	2.9007	0.1653	0	0
21.39	-0.0093669	-0.032836	-189.39	2.9007	0.2742	0	0
21.4	-0.015062	-0.019564	-189.44	2.9007	0.2742	0	0
21.41	-0.013985	-0.011727	-189.49	2.9007	0.2742	0	0
21.42	-0.013115	-0.0070996	-189.54	2.9007	0.2742	0	0
21.43	-0.012174	-0.0043671	-189.59	2.9007	0.2742	0	0
21.44	-0.011416	-0.0027535	-189.64	2.9007	0.2742	0	0
21.45	-0.010577	-0.0018007	-189.69	2.9007	0.2742	0	0
21.46	-0.0096797	-0.0012381	-189.74	2.9007	0.2742	0	0
21.47	-0.015411	-0.00090586	-189.79	2.9007	0.2742	0	0
21.48	-0.014619	-0.00070968	-189.84	2.9007	0.2742	0	0
21.49	-0.013733	-0.00059385	-189.89	2.9007	0.2742	0	0
21.5	-0.013019	-0.00052545	-189.94	2.9007	0.2742	0	0
21.51	-0.012207	-0.00048506	-189.99	2.9007	0.2742	0	0
21.52	-0.011555	-0.00046121	-190.04	2.9007	0.2742	0	0
21.53	-0.011034	-0.00044712	-190.08	2.9007	0.2742	0	0
21.54	-0.010389	-0.00043881	-190.13	2.9007	0.2742	0	0
21.55	-0.0098737	-0.0004339	-190.18	2.9007	0.2742	0	0
21.56	-0.0094649	0.028908	-190.22	2.9007	0.1653	0	0
21.57	-0.00892	0.016965	-190.27	2.9007	0.1653	0	0
21.58	-0.0084866	0.009912	-190.32	2.9007	0.1653	0	0
21.59	-0.0081449	0.0057476	-190.36	2.9007	0.1653	0	0
21.6	-0.0078782	0.0032885	-190.41	2.9007	0.1653	0	0
21.61	-0.014126	0.0018365	-190.45	2.9007	0.1653	0	0
21.62	-0.0073029	0.00097905	-190.5	2.9007	0.1653	0	0
21.63	-0.0072274	0.00047275	-190.54	2.9007	0.1653	0	0
21.64	-0.013632	0.00017379	-190.59	2.9007	0.1653	0	0
21.65	-0.01339	-2.7489e-06	-190.63	2.9007	0.1653	0	0
21.66	-0.006751	-0.00010699	-190.68	2.9007	0.1653	0	0
21.67	-0.01328	-0.00016855	-190.72	2.9007	0.1653	0	0
21.68	-0.013139	-0.00020489	-190.77	2.9007	0.1653	0	0
21.69	-0.0065836	-0.00022636	-190.81	2.9007	0.1653	0	0
21.7	-0.013537	-0.00023903	-190.85	2.9886	0.1653	0	0
21.71	-0.012413	-0.00024651	-190.9	2.9886	0.1653	0	0
21.72	-0.0055616	-0.00025093	-190.94	2.9886	0.1653	0	0
21.73	-0.0056303	-0.00025354	-190.98	2.9886	0.1653	0	0
21.74	-0.005754	-0.00025508	-191.03	2.9886	0.1653	0	0
21.75	-0.0050159	-0.00025599	-191.07	2.9886	0.1653	0	0
21.76	-0.0063069	-0.00025653	-191.11	3.0765	0.1653	0	0
21.77	-0.005536	-0.00025685	-191.15	3.0765	0.1653	0	0
21.78	-0.0053336	-0.00025703	-191.2	3.0765	0.1653	0	0
21.79	-0.0055401	-0.00025714	-191.24	3.0765	0.1653	0	0
21.8	-0.0059987	-0.00025721	-191.28	3.0765	0.1653	0	0
21.81	-0.0061691	-0.00025725	-191.32	3.0765	0.1653	0	0
21.82	-0.0069144	-0.00025727	-191.36	3.1644	0.1653	0	0
21.83	-0.0064483	-0.00025728	-191.4	3.1644	0.1653	0	0
21.84	-0.0065903	-0.00025729	-191.44	3.1644	0.1653	0	0
21.85	-0.0068861	-0.0002573	-191.48	3.1644	0.1653	0	0
21.86	-0.0071949	-0.0002573	-191.53	3.1644	0.1653	0	0
21.87	-0.0077288	-0.0002573	-191.57	3.1644	0.1653	0	0
21.88	-0.0017784	-0.0002573	-191.61	3.2523	0.1653	0	0
21.89	-0.0015482	-0.0002573	-191.65	3.2523	0.1653	0	0
21.9	-0.0017808	-0.0002573	-191.69	3.2523	0.1653	0	0
21.91	-0.0023405	-0.0002573	-191.73	3.2523	0.1653	0	0
21.92	-0.0038305	-0.0002573	-191.76	3.3402	0.1653	0	0
21.93	-0.0034103	-0.0002573	-191.8	3.3402	0.1653	0	0
21.94	-0.0034795	-0.0002573	-191.84	3.3402	0.1653	0	0
21.95	-0.0039995	-0.0002573	-191.88	3.3402	0.1653	0	0
21.96	-0.0047575	-0.0002573	-191.92	3.3402	0.1653	0	0
21.97	0.00099302	-0.0002573	-191.96	3.4281	0.1653	0	0
21.98	0.0010544	-0.0002573	-192	3.4281	0.1653	0	0
21.99	0.00045864	-0.0002573	-192.04	3.4281	0.1653	0	0
22	-0.00017545	-0.0002573	-192.08	3.4281	0.1653	0	0
22.01	-0.0017259	-0.0002573	-192.11	3.516	0.1653	0	0
22.02	-0.0016063	-0.0002573	-192.15	3.516	0.1653	0	0
22.03	0.0042896	-0.0002573	-192.18	3.516	0.1653	0	0
22.04	0.0033962	-0.0002573	-192.22	3.516	0.1653	0	0
22.05	0.0023609	-0.0002573	-192.26	3.516	0.1653	0	0
22.06	0.0014792	-0.0002573	-192.3	3.516	0.1653	0	0
22.07	0.00045903	-0.0002573	-192.33	3.6039	0.1653	0	0
22.08	0.00023901	-0.0002573	-192.37	3.6039	0.1653	0	0
22.09	0.0058402	-0.0002573	-192.41	3.6039	0.1653	0	0
22.1	0.0047818	-0.0002573	-192.44	3.6039	0.1653	0	0
22.11	0.0018056	-0.0002573	-192.48	3.6918	0.1653	0	0
22.12	0.0026404	-0.0002573	-192.51	3.6918	0.1653	0	0
22.13	0.0023107	-0.0002573	-192.55	3.6918	0.1653	0	0
22.14	0.0012086	-0.0002573	-192.59	3.6918	0.1653	0	0
22.15	0.0066403	-0.0002573	-192.62	3.6918	0.1653	0	0
22.16	0.0055426	-0.0002573	-192.66	3.6918	0.1653	0	0
22.17	0.0023346	-0.0002573	-192.69	3.7797	0.1653	0	0
22.18	0.0029806	-0.0002573	-192.73	3.7797	0.1653	0	0
22.19	0.0022483	-0.0002573	-192.76	3.7797	0.1653	0	0
22.2	0.0077638	-0.0002573	-192.8	3.7797	0.1653	0	0
22.21	0.0066631	-0.0002573	-192.84	3.7797	0.1653	0	0
22.22	0.0052601	-0.0002573	-192.87	3.7797	0.1653	0	0
22.23	0.0038469	-0.0002573	-192.9	3.7797	0.1653	0	0
22.24	0.0088769	-0.0002573	-192.94	3.7797	0.1653	0	0
22.25	0.0074842	-0.0002573	-192.97	3.7797	0.1653	0	0
22.26	0.0061091	-0.0002573	-193.01	3.7797	0.1653	0	0
22.27	0.0037548	0.035924	-193.04	3.8676	0.0564	0	0
22.28	0.0034727	0.021177	-193.07	3.8676	0.0564	0	0
22.29	0.0090458	0.012469	-193.11	3.8676	0.0564	0	0
22.3	0.0078906	0.0073267	-193.14	3.8676	0.0564	0	0
22.31	0.0064099	0.0042904	-193.18	3.8676	0.0564	0	0
22.32	0.0046709	0.0024975	-193.21	3.8676	0.0564	0	0
22.33	0.0096816	0.0014388	-193.24	3.8676	0.0564	0	0
22.34	0.008049	0.00081364	-193.27	3.8676	0.0564	0	0
22.35	0.0062266	0.0004445	-193.3	3.8676	0.0564	0	0
22.36	0.010925	0.00022652	-193.34	3.8676	0.0564	0	0
22.37	0.0092624	9.7806e-05	-193.37	3.8676	0.0564	0	0
22.38	0.0074348	2.1802e-05	-193.4	3.8676	0.0564	0	0
22.39	0.0054345	-2.3078e-05	-193.43	3.8676	0.0564	0	0
22.4	0.010239	-4.9579e-05	-193.46	3.8676	0.0564	0	0
22.41	0.0084405	-6.5227e-05	-193.49	3.8676	0.0564	0	0
22.42	0.0064358	-7.4467e-05	-193.52	3.9555	0.0564	0	0
22.43	0.011856	-7.9924e-05	-193.55	3.9555	0.0564	0	0
22.44	0.010377	-8.3146e-05	-193.59	3.9555	0.0564	0	0
22.45	0.0085657	-8.5048e-05	-193.62	3.9555	0.0564	0	0
22.46	0.012989	-8.6172e-05	-193.65	3.9555	0.0564	0	0
22.47	0.011086	-8.6835e-05	-193.68	3.9555	0.0564	0	0
22.48	0.0090574	-8.7227e-05	-193.71	3.9555	0.0564	0	0
22.49	0.0068913	-8.7458e-05	-193.74	3.9555	0.0564	0	0
22.5	0.010381	-8.7594e-05	-193.77	3.9555	0.0564	0	0
22.51	0.010007	-8.7675e-05	-193.8	3.8676	0.0564	0	0
22.52	0.0066684	-8.7723e-05	-193.83	3.8676	0.0564	0	0
22.53	0.010887	-8.7751e-05	-193.86	3.8676	0.0564	0	0
22.54	0.0087771	-8.7767e-05	-193.89	3.8676	0.0564	0	0
22.55	0.0063684	-8.7777e-05	-193.92	3.8676	0.0564	0	0
22.56	0.010857	-8.7783e-05	-193.95	3.8676	0.0564	0	0
22.57	0.0088054	-8.7786e-05	-193.98	3.8676	0.0564	0	0
22.58	0.0063923	-8.7788e-05	-194	3.8676	0.0564	0	0
22.59	0.01086	-8.779e-05	-194.04	3.8676	0.0564	0	0
22.6	0.0085532	-8.779e-05	-194.06	3.8676	0.0564	0	0
22.61	0.0061615	-8.7791e-05	-194.09	3.8676	0.0564	0	0
22.62	0.010646	-8.7791e-05	-194.12	3.8676	0.0564	0	0
22.63	0.008354	-8.7791e-05	-194.15	3.8676	0.0564	0	0
22.64	0.0059739	-8.7791e-05	-194.18	3.8676	0.0564	0	0
22.65	0.010468	-8.7791e-05	-194.21	3.8676	0.0564	0	0
22.66	0.0081839	-8.7791e-05	-194.24	3.8676	0.0564	0	0
22.67	0.012264	-8.7791e-05	-194.27	3.8676	0.0564	0	0
22.68	0.010095	-8.7791e-05	-194.3	3.8676	0.0564	0	0
22.69	0.0078537	-8.7791e-05	-194.33	3.8676	0.0564	0	0
22.7	0.011969	-8.7791e-05	-194.35	3.8676	0.0564	0	0
22.71	0.0098295	-8.7791e-05	-194.38	3.8676	0.0564	0	0
22.72	0.0073704	-8.7791e-05	-194.41	3.8676	0.0564	0	0
22.73	0.011549	-8.7791e-05	-194.44	3.8676	0.0564	0	0
22.74	0.0092374	-8.7791e-05	-194.47	3.8676	0.0564	0	0
22.75	0.0066097	-8.7791e-05	-194.49	3.8676	0.0564	0	0
22.76	0.010901	-8.7791e-05	-194.52	3.8676	0.0564	0	0
22.77	0.0082088	-8.7791e-05	-194.54	3.8676	0.0564	0	0
22.78	0.012196	-8.7791e-05	-194.57	3.8676	0.0564	0	0
22.79	0.0094963	-8.7791e-05	-194.6	3.8676	0.0564	0	0
22.8	0.012879	-8.7791e-05	-194.62	3.9555	0.0564	0	0
22.81	0.011472	-8.7791e-05	-194.65	3.9555	0.0564	0	0
22.82	0.0091027	-8.7791e-05	-194.67	3.9555	0.0564	0	0
22.83	0.013187	-8.7791e-05	-194.7	3.9555	0.0564	0	0
22.84	0.010513	-8.7791e-05	-194.73	3.9555	0.0564	0	0
22.85	0.014256	-8.7791e-05	-194.75	3.9555	0.0564	0	0
22.86	0.011582	-8.7791e-05	-194.78	3.9555	0.0564	0	0
22.87	0.0086564	-8.7791e-05	-194.8	3.9555	0.0564	0	0
22.88	0.012703	-8.7791e-05	-194.83	3.9555	0.0564	0	0
22.89	0.0098115	-8.7791e-05	-194.85	3.9555	0.0564	0	0
22.9	0.013636	-8.7791e-05	-194.88	3.9555	0.0564	0	0
22.91	0.010561	-8.7791e-05	-194.9	3.9555	0.0564	0	0
22.92	0.013879	-8.7791e-05	-194.93	4.0434	0.0564	0	0
22.93	0.011963	-8.7791e-05	-194.95	4.0434	0.0564	0	0
22.94	0.015835	-8.7791e-05	-194.97	4.0434	0.0564	0	0
22.95	0.013105	-8.7791e-05	-195	4.0434	0.0564	0	0
22.96	0.016535	-8.7791e-05	-195.02	4.0434	0.0564	0	0
22.97	0.013816	-8.7791e-05	-195.05	4.0434	0.0564	0	0
22.98	0.01708	-8.7791e-05	-195.07	4.0434	0.0564	0	0
22.99	0.012188	-0.04027	-195.09	4.1313	0.1653	0	0
23	0.017429	-0.023885	-195.11	4.1313	0.1653	0	0
23.01	0.015215	-0.014209	-195.14	4.1313	0.1653	0	0
23.02	0.012118	-0.0084957	-195.15	4.1313	0.1653	0	0
23.03	0.015918	-0.005122	-195.18	4.1313	0.1653	0	0
23.04	0.012539	-0.0031298	-195.2	4.1313	0.1653	0	0
23.05	0.016204	-0.0019535	-195.23	4.1313	0.1653	0	0
23.06	0.019198	-0.0012589	-195.25	4.1313	0.1653	0	0
23.07	0.016139	-0.00084873	-195.27	4.1313	0.1653	0	0
23.08	0.012677	-0.00060654	-195.29	4.1313	0.1653	0	0
23.09	0.016238	-0.00046352	-195.32	4.2192	0.1653	0	0
23.1	0.013569	-0.00037907	-195.33	4.2192	0.1653	0	0
23.11	0.017418	-0.00032921	-195.36	4.2192	0.1653	0	0
23.12	0.020433	-0.00029976	-195.38	4.2192	0.1653	0	0
23.13	0.01735	-0.00028237	-195.4	4.2192	0.1653	0	0
23.14	0.013853	-0.00027211	-195.42	4.2192	0.1653	0	0
23.15	0.017429	-0.00026605	-195.45	4.2192	0.1653	0	0
23.16	0.020353	-0.00026247	-195.47	4.2192	0.1653	0	0
23.17	0.017015	-0.00026035	-195.49	4.2192	0.1653	0	0
23.18	0.021784	-0.0002591	-195.51	4.2192	0.1653	0	0
23.19	0.016941	-0.00025837	-195.53	4.3071	0.1653	0	0
23.2	0.020616	-0.00025793	-195.55	4.3071	0.1653	0	0
23.21	0.017576	-0.00025767	-195.57	4.3071	0.1653	0	0
23.22	0.020702	-0.00025752	-195.59	4.3071	0.1653	0	0
23.23	0.017022	-0.00025743	-195.61	4.3071	0.1653	0	0
23.24	0.02019	-0.00025738	-195.63	4.3071	0.1653	0	0
23.25	0.016576	-0.00025735	-195.65	4.3071	0.1653	0	0
23.26	0.017978	-0.00025733	-195.67	4.395	0.1653	0	0
23.27	0.022652	-0.00025732	-195.69	4.395	0.1653	0	0
23.28	0.019973	-0.00025731	-195.71	4.395	0.1653	0	0
23.29	0.02295	-0.00025731	-195.73	4.395	0.1653	0	0
23.3	0.019772	-0.00025731	-195.75	4.395	0.1653	0	0
23.31	0.022631	-0.00025731	-195.77	4.395	0.1653	0	0
23.32	0.018755	-0.0002573	-195.79	4.395	0.1653	0	0
23.33	0.02177	-0.0002573	-195.81	4.395	0.1653	0	0
23.34	0.017425	-0.0002573	-195.82	4.4829	0.1653	0	0
23.35	0.021643	-0.0002573	-195.85	4.4829	0.1653	0	0
23.36	0.024583	-0.0002573	-195.86	4.4829	0.1653	0	0
23.37	0.021092	-0.0002573	-195.88	4.4829	0.1653	0	0
23.38	0.023899	-0.0002573	-195.9	4.4829	0.1653	0	0
23.39	0.018143	-0.0002573	-195.92	4.5708	0.1653	0	0
23.4	0.023147	-0.0002573	-195.94	4.5708	0.1653	0	0
23.41	0.026243	-0.0002573	-195.95	4.5708	0.1653	0	0
23.42	0.022942	-0.0002573	-195.98	4.5708	0.1653	0	0
23.43	0.025629	-0.0002573	-195.99	4.5708	0.1653	0	0
23.44	0.02183	-0.0002573	-196.01	4.5708	0.1653	0	0
23.45	0.022829	-0.0002573	-196.03	4.6587	0.1653	0	0
23.46	0.020717	-0.0002573	-196.04	4.6587	0.1653	0	0
23.47	0.024433	-0.0002573	-196.07	4.6587	0.1653	0	0
23.48	0.027147	-0.0002573	-196.08	4.6587	0.1653	0	0
23.49	0.023299	-0.0002573	-196.1	4.6587	0.1653	0	0
23.5	0.026064	-0.0002573	-196.12	4.6587	0.1653	0	0
23.51	0.028315	-0.0002573	-196.13	4.6587	0.1653	0	0
23.52	0.023419	-0.0002573	-196.15	4.7466	0.1653	0	0
23.53	0.027534	-0.0002573	-196.17	4.7466	0.1653	0	0
23.54	0.024375	-0.0002573	-196.19	4.7466	0.1653	0	0
23.55	0.027247	-0.0002573	-196.21	4.7466	0.1653	0	0
23.56	0.02951	-0.0002573	-196.22	4.7466	0.1653	0	0
23.57	0.025827	-0.0002573	-196.24	4.7466	0.1653	0	0
23.58	0.026468	-0.0002573	-196.26	4.8345	0.1653	0	0
23.59	0.024315	-0.0002573	-196.27	4.8345	0.1653	0	0
23.6	0.027747	-0.0002573	-196.29	4.8345	0.1653	0	0
23.61	0.030227	-0.0002573	-196.31	4.8345	0.1653	0	0
23.62	0.026421	-0.0002573	-196.33	4.8345	0.1653	0	0
23.63	0.028988	-0.0002573	-196.34	4.8345	0.1653	0	0
23.64	0.024875	-0.0002573	-196.36	4.8345	0.1653	0	0
23.65	0.027697	-0.0002573	-196.38	4.8345	0.1653	0	0
23.66	0.030004	-0.0002573	-196.39	4.8345	0.1653	0	0
23.67	0.025185	-0.0002573	-196.41	4.9224	0.1653	0	0
23.68	0.029101	-0.0002573	-196.43	4.9224	0.1653	0	0
23.69	0.031666	-0.0002573	-196.44	4.9224	0.1653	0	0
23.7	0.028049	-0.0002573	-196.46	4.9224	0.1653	0	0
23.71	0.030516	-0.0002573	-196.48	4.9224	0.1653	0	0
23.72	0.026058	-0.0002573	-196.49	4.9224	0.1653	0	0
23.73	0.028101	-0.0002573	-196.51	5.0103	0.1653	0	0
23.74	0.031678	-0.0002573	-196.52	5.0103	0.1653	0	0
23.75	0.02846	-0.0002573	-196.55	5.0103	0.1653	0	0
23.76	0.031114	-0.0002573	-196.56	5.0103	0.1653	0	0
23.77	0.033215	-0.0002573	-196.57	5.0103	0.1653	0	0
23.78	0.029405	-0.0002573	-196.6	5.0103	0.1653	0	0
23.79	0.031418	-0.0002573	-196.61	5.0982	0.1653	0	0
23.8	0.02794	-0.0002573	-196.62	5.0982	0.1653	0	0
23.81	0.031025	-0.0002573	-196.64	5.0982	0.1653	0	0
23.82	0.033382	-0.0002573	-196.66	5.0982	0.1653	0	0
23.83	0.029052	-0.0002573	-196.67	5.0982	0.1653	0	0
23.84	0.031634	-0.0002573	-196.69	5.1861	0.1653	0	0
23.85	0.034612	-0.0002573	-196.7	5.1861	0.1653	0	0
23.86	0.030676	-0.0002573	-196.72	5.1861	0.1653	0	0
23.87	0.033272	-0.0002573	-196.74	5.1861	0.1653	0	0
23.88	0.035351	-0.0002573	-196.75	5.1861	0.1653	0	0
23.89	0.029245	-0.0002573	-196.76	5.274	0.1653	0	0
23.9	0.033723	-0.0002573	-196.78	5.274	0.1653	0	0
23.91	0.036388	-0.0002573	-196.79	5.274	0.1653	0	0
23.92	0.032736	-0.0002573	-196.81	5.274	0.1653	0	0
23.93	0.035135	-0.0002573	-196.83	5.274	0.1653	0	0
23.94	0.037063	-0.0002573	-196.84	5.274	0.1653	0	0
23.95	0.031067	-0.0002573	-196.86	5.3619	0.1653	0	0
23.96	0.035404	-0.0002573	-196.87	5.3619	0.1653	0	0
23.97	0.037955	-0.0002573	-196.88	5.3619	0.1653	0	0
23.98	0.034209	-0.0002573	-196.9	5.3619	0.1653	0	0
23.99	0.036531	-0.0002573	-196.92	5.3619	0.1653	0	0
24	0.038396	-0.0002573	-196.93	5.3619	0.1653	0	0
24.01	0.034403	-0.0002573	-196.95	5.3619	0.1653	0	0
24.02	0.036628	-0.0002573	-196.96	5.3619	0.1653	0	0
24.03	0.031992	-0.0002573	-196.97	5.3619	0.1653	0	0
24.04	0.034641	-0.0002573	-196.99	5.3619	0.1653	0	0
24.05	0.036809	-0.0002573	-197.01	5.3619	0.1653	0	0
24.06	0.038581	-0.0002573	-197.02	5.3619	0.1653	0	0
24.07	0.0343	-0.0002573	-197.03	5.3619	0.1653	0	0
24.08	0.036516	-0.0002573	-197.05	5.3619	0.1653	0	0
24.09	0.038329	-0.0002573	-197.06	5.3619	0.1653	0	0
24.1	0.034082	-0.0002573	-197.08	5.3619	0.1653	0	0
24.11	0.036326	-0.0002573	-197.09	5.3619	0.1653	0	0
24.12	0.038161	-0.0002573	-197.1	5.3619	0.1653	0	0
24.13	0.0337	-0.0002573	-197.12	5.3619	0.1653	0	0
24.14	0.036	-0.0002573	-197.13	5.3619	0.1653	0	0
24.15	0.037882	-0.0002573	-197.14	5.3619	0.1653	0	0
24.16	0.033218	-0.0002573	-197.16	5.3619	0.1653	0	0
24.17	0.035593	-0.0002573	-197.17	5.3619	0.1653	0	0
24.18	0.037537	-0.0002573	-197.19	5.3619	0.1653	0	0
24.19	0.032672	-0.0002573	-197.19	5.3619	0.1653	0	0
24.2	0.035134	-0.0002573	-197.22	5.3619	0.1653	0	0
24.21	0.037149	-0.0002573	-197.23	5.3619	0.1653	0	0
24.22	0.038796	-0.0002573	-197.24	5.3619	0.1653	0	0
24.23	0.034182	-0.0002573	-197.25	5.3619	0.1653	0	0
24.24	0.036404	-0.0002573	-197.27	5.274	0.1653	0	0
24.25	0.037351	-0.0002573	-197.28	5.274	0.1653	0	0
24.26	0.038533	-0.0002573	-197.28	5.274	0.1653	0	0
24.27	0.033903	-0.0002573	-197.3	5.274	0.1653	0	0
24.28	0.035878	-0.0002573	-197.31	5.274	0.1653	0	0
24.29	0.037507	-0.0002573	-197.32	5.274	0.1653	0	0
24.3	0.033116	-0.0002573	-197.34	5.274	0.1653	0	0
24.31	0.035243	-0.0002573	-197.36	5.274	0.1653	0	0
24.32	0.036983	-0.0002573	-197.37	5.274	0.1653	0	0
24.33	0.038406	-0.0002573	-197.37	5.274	0.1653	0	0
24.34	0.033607	-0.0002573	-197.38	5.274	0.1653	0	0
24.35	0.035632	-0.0002573	-197.4	5.274	0.1653	0	0
24.36	0.037288	-0.0002573	-197.41	5.274	0.1653	0	0
24.37	0.032545	-0.0002573	-197.42	5.1861	0.1653	0	0
24.38	0.034955	-0.0002573	-197.44	5.1861	0.1653	0	0
24.39	0.035679	-0.0002573	-197.45	5.1861	0.1653	0	0
24.4	0.036827	-0.0002573	-197.46	5.1861	0.1653	0	0
24.41	0.037947	-0.0002573	-197.46	5.1861	0.1653	0	0
24.42	0.033416	-0.0002573	-197.48	5.1861	0.1653	0	0
24.43	0.035225	-0.0002573	-197.49	5.1861	0.1653	0	0
24.44	0.03671	-0.0002573	-197.5	5.1861	0.1653	0	0
24.45	0.032198	-0.0002573	-197.52	5.1861	0.1653	0	0
24.46	0.034226	-0.0002573	-197.53	5.1861	0.1653	0	0
24.47	0.035885	-0.0002573	-197.54	5.1861	0.1653	0	0
24.48	0.037241	-0.0002573	-197.55	5.1861	0.1653	0	0
24.49	0.032389	-0.0002573	-197.56	5.1861	0.1653	0	0
24.5	0.034369	-0.0002573	-197.58	5.1861	0.1653	0	0
24.51	0.035989	-0.0002573	-197.59	5.1861	0.1653	0	0
24.52	0.037313	-0.0002573	-197.59	5.1861	0.1653	0	0
24.53	0.031941	-0.0002573	-197.59	5.1861	0.1653	0	0
24.54	0.033989	-0.0002573	-197.61	5.1861	0.1653	0	0
24.55	0.035665	-0.0002573	-197.63	5.1861	0.1653	0	0
24.56	0.037035	-0.0002573	-197.63	5.1861	0.1653	0	0
24.57	0.031953	-0.036439	-197.64	5.1861	0.2742	0	0
24.58	0.033987	-0.021691	-197.66	5.1861	0.2742	0	0
24.59	0.034425	-0.012983	-197.67	5.274	0.2742	0	0
24.6	0.037411	-0.0078413	-197.68	5.274	0.2742	0	0
24.61	0.032601	-0.004805	-197.68	5.274	0.2742	0	0
24.62	0.034848	-0.0030121	-197.7	5.274	0.2742	0	0
24.63	0.036601	-0.0019534	-197.71	5.274	0.2742	0	0
24.64	0.038007	-0.0013282	-197.72	5.274	0.2742	0	0
24.65	0.039147	-0.0009591	-197.73	5.274	0.2742	0	0
24.66	0.035314	-0.00074113	-197.74	5.1861	0.2742	0	0
24.67	0.035408	-0.00061241	-197.76	5.274	0.2742	0	0
24.68	0.037453	-0.00053641	-197.76	5.274	0.2742	0	0
24.69	0.038824	-0.00049153	-197.77	5.274	0.2742	0	0
24.7	0.03434	-0.00046503	-197.79	5.274	0.2742	0	0
24.71	0.036136	-0.00044938	-197.8	5.274	0.2742	0	0
24.72	0.038337	-0.00044014	-197.81	5.1861	0.2742	0	0
24.73	0.040009	-0.00043468	-197.81	5.1861	0.2742	0	0
24.74	0.032649	-0.00043146	-197.82	5.274	0.2742	0	0
24.75	0.03564	-0.00042956	-197.84	5.1861	0.2742	0	0
24.76	0.038162	-0.00042844	-197.85	5.1861	0.2742	0	0
24.77	0.03721	-0.00042777	-197.85	5.274	0.2742	0	0
24.78	0.032599	0.044201	-197.86	5.274	0.1653	0	0
24.79	0.034865	0.025995	-197.88	5.274	0.1653	0	0
24.8	0.035893	0.015244	-197.89	5.274	0.1653	0	0
24.81	0.038083	0.0088963	-197.9	5.1861	0.1653	0	0
24.82	0.040082	0.0051478	-197.9	5.1861	0.1653	0	0
24.83	0.032785	0.0029344	-197.91	5.274	0.1653	0	0
24.84	0.035758	0.0016273	-197.93	5.1861	0.1653	0	0
24.85	0.037157	0.00085556	-197.94	5.1861	0.1653	0	0
24.86	0.037643	0.00039983	-197.94	5.1861	0.1653	0	0
24.87	0.036563	0.00013073	-197.95	5.274	0.1653	0	0
24.88	0.035043	-2.8174e-05	-197.96	5.1861	0.1653	0	0
24.89	0.03571	-0.00012201	-197.98	5.1861	0.1653	0	0
24.9	0.036738	-0.00017741	-197.98	5.1861	0.1653	0	0
24.91	0.037737	-0.00021013	-197.99	5.1861	0.1653	0	0
24.92	0.038604	-0.00022945	-197.99	5.1861	0.1653	0	0
24.93	0.033368	-0.00024085	-198	5.1861	0.1653	0	0
24.94	0.035041	-0.00024759	-198.02	5.1861	0.1653	0	0
24.95	0.036412	-0.00025157	-198.03	5.1861	0.1653	0	0
24.96	0.037534	-0.00025392	-198.03	5.1861	0.1653	0	0
24.97	0.038451	-0.0002553	-198.03	5.1861	0.1653	0	0
24.98	0.033471	-0.00025612	-198.05	5.1861	0.1653	0	0
24.99	0.035116	-0.00025661	-198.06	5.1861	0.1653	0	0
25	0.036463	-0.00025689	-198.07	5.1861	0.1653	0	0
